111111111111111111111111111111
111111111111111111111111111111
111111111111111111111111111111
111111111111111111111111111111
111111000001111111110001111111
111111111000111111100011111111
111111111100111111100111111111
111111111100111111000111111111
111111111110011111001111111111
111111111111011110001111111111
111111111111001110011111111111
111111111111101100011111111111
111111111111101000111111111111
111111111111110001111111111111
111111111111110001111111111111
111111111111110011111111111111
111111111111100001111111111111
111111111111100001111111111111
111111111111000101111111111111
111111111111001110111111111111
111111111110001110111111111111
111111111100011110011111111111
111111111100011111001111111111
111111111000111111001111111111
111111111000111111100111111111
111111110001111111100011111111
111111110001111111110000111111
111111111111111111111111111111
111111111111111111111111111111
111111111111111111111111111111
