111111111111111111111111111111
111111111111111111111111111111
111111111111111111111111111111
111111111111111111111111111111
111000001111110001111100011111
111111000111110001111000011111
111111000111110001111100001111
111111000111110001111110001111
111111000111110001111111001111
111111000111110001111111001111
111111000111110001111111001111
111111000111110001111111011111
111111000111110001111111011111
111111000111110001111111011111
111111000111110001111111011111
111111000111110001111110111111
111111100111110001111110111111
111111100011110001111101111111
111111110001110001110011111111
111111111100000000001111111111
111111111111110001111111111111
111111111111110001111111111111
111111111111110001111111111111
111111111111110001111111111111
111111111111110001111111111111
111111111111110001111111111111
111111111111110001111111111111
111111111111111111111111111111
111111111111111111111111111111
