111111111111111111111111111111
111111111111111111111111111111
111111111111111111111111111111
111111111111111111111111111111
111111111111111111111111111111
111111110001111111110001111111
111111100011111111111100111111
111111000111111111111110011111
111110001111111111111110001111
111110001111111111111111000111
111100011111111111111111000111
111100011111110001111111000111
111100011111110001111111000111
111100011111110001111111000111
111100011111110001111111000111
111100011111110001111111000111
111100011111110001111111000111
111100011111110001111111000111
111110001111110001111111000111
111110001111110001111110001111
111111001111100100111110011111
111111100111001110011100111111
111111111000111111100001111111
111111111111111111111111111111
111111111111111111111111111111
111111111111111111111111111111
111111111111111111111111111111
