111111111111111111111111111111
111111111111111111111111111111
111111111111111111111111111111
111111111101111000100111111111
111111110011110001111001111111
111111100111110011111000111111
111111000111110011111100111111
111111001111110011111100011111
111110001111110011111100011111
111110001111110011111100011111
111110001111110011111100011111
111110001111110011111100011111
111110001111110011111100011111
111110001111110011111100011111
111111001111110011111000111111
111111000111110011111001111111
111111100011110011110011111111
111111111001110011100111111111
111111111111000000111111111111
111111111111110011111111111111
111111111111110011111111111111
111111111111110011111111111111
111111111111110011111111111111
111111111111110011111111111111
111111111111110011111111111111
111111111111111111111111111111
111111111111111111111111111111
111111111111111111111111111111
