-1,   0
-0.612968,   0
-0.276738,   0
0,   0
0.524064,   0
4.20388,   0
8.57219,   0
18.1644,   0
29.1805,   0
38.4813,   0

-0.540364,   -0.841842
-0.687022,   -1.18868
-0.580509,   -0.120839
0,   0
0.773432,   -0.0703835
4.64504,   -0.402604
9.02629,   -0.516282
18.6227,   -0.613577
29.6395,   -0.66057
38.9406,   -0.684068

0.415797,   -0.910622
0.183513,   -0.616412
-0.300289,   -0.995262
0,   0
1.1565,   0.419137
5.54593,   -0.0352701
9.96591,   -0.259883
19.5747,   -0.454134
30.594,   -0.548094
39.8957,   -0.595086

0.991015,   -0.144423
1.36552,   -0.0477702
1.11966,   -0.855209
0,   0
0.953627,   1.37529
6.02948,   1.16083
10.5136,   0.830748
20.143,   0.540216
31.1664,   0.399339
40.4692,   0.328862

0.658673,   0.754086
0.60796,   0.379002
1.36217,   0.92187
0,   0
-0.146264,   2.04133
5.56973,   2.47998
10.1428,   2.05257
19.801,   1.66677
30.8301,   1.47906
40.1345,   1.38511

-0.277062,   0.961435
-0.578424,   1.18204
-0.483862,   1.65306
0,   0
-1.62486,   1.6571
4.47177,   3.09572
9.15775,   2.58175
18.8528,   2.10203
29.8892,   1.86758
39.1957,   1.75017

-0.95817,   0.286307
-0.620485,   0.473337
-1.6348,   0.0369185
0,   0
-2.47172,   0.195835
3.59481,   2.81387
8.41647,   2.2266
18.1565,   1.65463
29.2019,   1.37357
38.5109,   1.23273

-0.758514,   -0.651905
-0.709798,   -1.02927
-0.468079,   -1.31354
0,   0
-2.01399,   -1.50319
3.56637,   2.25102
8.5452,   1.60613
18.3382,   0.943941
29.3941,   0.61643
38.7061,   0.452169

0.138248,   -0.99126
-0.210468,   -0.860146
0.783541,   -0.664883
0,   0
-0.507964,   -2.36534
4.20442,   2.26648
9.36036,   1.58193
19.2143,   0.831862
30.2824,   0.458078
39.5978,   0.270432

0.908512,   -0.421312
1.18734,   -0.156101
0.546413,   0.202896
0,   0
1.05189,   -1.93506
4.68721,   3.16819
10.0384,   2.46408
19.9611,   1.6288
31.043,   1.20895
40.3623,   0.99795

0.846725,   0.534639
0.991564,   0.180715
0.246854,   0.134194
0,   0
1.74,   -0.698263
4.31127,   4.43054
9.87403,   3.72893
19.8731,   2.81142
30.9704,   2.34574
40.294,   2.11142

0.00939736,   1.00069
-0.361363,   1.03278
0.445716,   0.424397
0,   0
1.40545,   0.389925
3.13533,   5.17549
8.92373,   4.50022
19.0068,   3.5038
30.1212,   2.99254
39.4496,   2.73494

-0.836227,   0.548559
-0.634622,   0.874489
-0.284327,   1.0156
0,   0
0.677198,   0.728613
1.92906,   4.97282
7.95494,   4.34932
18.1296,   3.27761
29.2626,   2.72105
38.5962,   2.44023

-0.913222,   -0.40758
-0.681994,   -0.714313
-1.41064,   0.114896
0,   0
0.299971,   0.513608
1.47194,   4.23499
7.74472,   3.69007
18.0182,   2.547
29.1714,   1.94545
38.5108,   1.64144

-0.150774,   -0.98923
-0.516572,   -1.05849
-0.640829,   -1.51865
0,   0
0.426987,   0.418476
1.83749,   3.83897
8.36405,   3.40059
18.7435,   2.19042
29.9186,   1.54422
39.2641,   1.21708

0.750361,   -0.663094
0.861318,   -0.298185
1.30871,   -1.12247
0,   0
0.532679,   0.840898
2.32776,   4.31678
9.11234,   4.01386
19.6048,   2.74115
30.8034,   2.05065
40.1555,   1.70043

0.964242,   0.270646
1.26653,   0.0313898
1.39252,   0.852905
0,   0
0.0118394,   1.4525
2.1197,   5.36725
9.16392,   5.22939
19.7762,   3.89895
30.9998,   3.16455
40.359,   2.79131

0.295136,   0.956446
-0.0390974,   0.790893
-0.310256,   1.34845
0,   0
-1.12598,   1.48628
1.02056,   6.13406
8.32318,   6.19131
19.0619,   4.80827
30.3121,   4.03036
39.6788,   3.63417

-0.644319,   0.76505
-0.631519,   1.14426
-0.997609,   0.135822
0,   0
-2.13647,   0.494658
-0.353998,   5.98743
7.20291,   6.27006
18.0746,   4.83981
29.353,   4.01883
38.7276,   3.59976

-0.991628,   -0.129069
-0.638075,   -0.285181
-0.341805,   -0.446384
0,   0
-2.13712,   -1.12402
-1.13844,   5.10157
6.66585,   5.6398
17.6767,   4.16801
28.9849,   3.30443
38.368,   2.86255

-0.427327,   -0.904586
-0.705826,   -1.15446
-0.146132,   -0.238954
0,   0
-0.905935,   -2.3461
-1.01025,   4.2978
7.03168,   5.12156
18.1878,   3.61417
29.5273,   2.70847
38.9193,   2.24386

0.529642,   -0.849597
0.4434,   -0.48213
-0.150404,   -0.609591
0,   0
0.851409,   -2.33607
-0.485328,   4.28824
7.78171,   5.42695
19.0889,   3.89015
30.4613,   2.94285
39.8626,   2.45558

1.0014,   -0.0157801
1.38325,   -0.0786003
0.804181,   -0.710174
0,   0
2.03437,   -1.13456
-0.438543,   5.02171
8.0383,   6.50401
19.5021,   4.94424
30.909,   3.95587
40.3201,   3.44603

0.556158,   0.832482
0.35335,   0.516179
1.2619,   0.674526
0,   0
2.01466,   0.390949
-1.29874,   5.7346
7.36992,   7.58811
18.9957,   6.01205
30.4386,   4.98317
39.8599,   4.45084

-0.398599,   0.917594
-0.577875,   1.24767
-0.279899,   1.63012
0,   0
1.08284,   1.27523
-2.65556,   5.65029
6.1843,   7.90137
17.9772,   6.31593
29.4576,   5.24713
38.8896,   4.69241

-0.987072,   0.160245
-0.601657,   0.19478
-1.7043,   0.234957
0,   0
0.108453,   1.21831
-3.63044,   4.69069
5.35752,   7.36423
17.3224,   5.77655
28.8419,   4.66843
38.2849,   4.09143

-0.668147,   -0.744363
-0.780926,   -1.10471
-0.698348,   -1.46584
0,   0
-0.261354,   0.721528
-3.6796,   3.55241
5.43098,   6.67166
17.5724,   5.08908
29.1324,   3.94229
38.5871,   3.34308

0.26478,   -0.965294
0.00517136,   -0.695977
0.987936,   -0.95524
0,   0
-0.129874,   0.501767
-3.09389,   3.06805
6.11155,   6.65436
18.4337,   5.08443
30.0359,   3.89961
39.5026,   3.27832

0.955202,   -0.300936
1.31924,   -0.171293
0.904928,   0.419401
0,   0
-0.13088,   0.758806
-2.72746,   3.44106
6.54302,   7.51372
19.05,   5.96417
30.6958,   4.74202
40.175,   4.09875

0.770887,   0.639109
0.755975,   0.259835
0.0560305,   0.544401
0,   0
-0.703116,   0.995526
-3.21031,   4.06389
6.09347,   8.63991
18.7891,   7.11868
30.4799,   5.8599
39.972,   5.19476

-0.119507,   0.9935
-0.440835,   1.18276
0.0189977,   0.284526
0,   0
-1.56884,   0.546881
-4.37172,   4.07741
4.93187,   9.17145
17.8195,   7.68658
29.5569,   6.39192
39.0623,   5.70502

-0.899898,   0.436148
-0.580889,   0.652462
-0.198774,   0.613599
0,   0
-1.91895,   -0.688543
-5.3938,   3.15791
3.8746,   8.78203
16.9573,   7.34178
28.7428,   6.01197
38.262,   5.30344

-0.85303,   -0.521981
-0.769071,   -0.894166
-1.06939,   0.166658
0,   0
-1.15713,   -2.01072
-5.55762,   1.81884
3.63923,   7.98241
16.9199,   6.59519
28.755,   5.23103
38.2884,   4.50099

-0.0220337,   -1.00049
-0.381835,   -0.904955
-0.695099,   -1.25935
0,   0
0.473606,   -2.43894
-4.90488,   0.943259
4.18297,   7.65273
17.6641,   6.32718
29.5502,   4.92947
39.0983,   4.17805

0.82952,   -0.561006
1.0826,   -0.272183
1.12914,   -1.21858
0,   0
1.9876,   -1.55024
-4.1979,   0.972272
4.7426,   8.23131
18.4264,   6.97611
30.3649,   5.54568
39.9281,   4.77301

0.921383,   0.392495
1.09856,   0.0525316
1.56213,   0.727727
0,   0
2.42181,   0.126036
-4.21597,   1.50474
4.53816,   9.31403
18.4265,   8.13797
30.4189,   6.67566
39.9977,   5.88188

0.169533,   0.98644
-0.202589,   0.981268
-0.201151,   1.60555
0,   0
1.59817,   1.51632
-5.04237,   1.66998
3.48598,   10.0272
17.5805,   8.93915
29.6281,   7.44586
39.2229,   6.6311

-0.737477,   0.675597
-0.567114,   1.01782
-1.3317,   0.266823
0,   0
0.224946,   1.85547
-5.98803,   0.925729
2.27495,   9.82541
16.5768,   8.83441
28.6811,   7.31102
38.2924,   6.47543

-0.966663,   -0.255885
-0.708053,   -0.540979
-0.52236,   -0.826051
0,   0
-0.736658,   1.24744
-6.21971,   -0.440884
1.73841,   8.99276
16.2485,   8.10786
28.4109,   6.55529
38.0391,   5.69903

-0.307119,   -0.952203
-0.664463,   -1.05772
0.238213,   -0.477515
0,   0
-0.873245,   0.457181
-5.52647,   -1.57106
2.0876,   8.38493
16.8065,   7.61528
29.0284,   6.03449
38.6739,   5.15769

0.634694,   -0.774407
0.710891,   -0.40176
0.130034,   -0.258911
0,   0
-0.569673,   0.148317
-4.515,   -1.82286
2.71641,   8.64079
17.6444,   7.99559
29.9271,   6.38754
39.5903,   5.49037

0.995118,   0.113174
1.31814,   -0.0982989
0.512408,   -0.423003
0,   0
-0.510775,   0.291362
-4.04942,   -1.35766
2.76155,   9.59592
17.8985,   9.08444
30.2434,   7.45011
39.9248,   6.53272

0.44434,   0.897087
0.127695,   0.698886
1.00893,   0.445454
0,   0
-0.941511,   0.28086
-4.46025,   -0.985981
1.89355,   10.4368
17.239,   10.0683
29.6475,   8.40875
39.3475,   7.47132

-0.513489,   0.858512
-0.536653,   1.23616
-0.0934051,   1.44665
0,   0
-1.39154,   -0.379773
-5.24432,   -1.4238
0.616919,   10.4446
16.17,   10.2285
28.6434,   8.54465
38.3625,   7.58733

-0.999467,   0.0315952
-0.633094,   -0.092478
-1.61031,   0.415071
0,   0
-1.12457,   -1.48321
-5.52389,   -2.6342
-0.18909,   9.65345
15.5706,   9.59891
28.1102,   7.89194
37.8488,   6.9149

-0.566601,   -0.824359
-0.819762,   -1.10095
-0.911152,   -1.45847
0,   0
0.0961725,   -2.19445
-4.85336,   -3.85523
-0.0771312,   8.82255
15.8877,   8.93897
28.4948,   7.20991
38.2533,   6.21334

0.386938,   -0.923254
0.266036,   -0.566752
1.04105,   -1.23159
0,   0
1.65409,   -1.76902
-3.63252,   -4.29825
0.554986,   8.73802
16.7232,   9.03472
29.3991,   7.28467
39.1779,   6.26873

0.986014,   -0.175597
1.37199,   -0.20425
1.25788,   0.493838
0,   0
2.50754,   -0.263314
-2.73832,   -3.87136
0.832476,   9.48935
17.2018,   9.97561
29.9478,   8.2057
39.7474,   7.17058

0.682202,   0.732921
0.510535,   0.397612
-0.00114548,   0.963275
0,   0
2.03825,   1.42746
-2.72122,   -3.25802
0.207274,   10.3909
16.7753,   11.0759
29.5926,   9.2873
39.4134,   8.23319

-0.246505,   0.969743
-0.456666,   1.28001
-0.433928,   0.272594
0,   0
0.569561,   2.25466
-3.30541,   -3.28871
-1.04227,   10.61
15.7216,   11.5031
28.6115,   9.69692
38.4539,   8.62401

-0.948625,   0.316505
-0.568024,   0.385143
-0.240724,   0.168351
0,   0
-0.898417,   1.83592
-3.64178,   -4.17991
-2.06433,   9.92845
14.8923,   11.0387
27.856,   9.21619
37.7204,   8.12467

-0.778713,   -0.627566
-0.856828,   -0.998054
-0.669899,   0.086512
0,   0
-1.50817,   0.704063
-3.08742,   -5.33071
-2.21311,   8.94549
14.9327,   10.282
27.9714,   8.44433
37.8584,   7.3344

0.10695,   -0.995068
-0.177479,   -0.753142
-0.61121,   -0.930416
0,   0
-1.19858,   -0.222599
-1.80125,   -5.87221
-1.64455,   8.52857
15.6866,   10.1003
28.8016,   8.24873
38.7114,   7.12059

0.894825,   -0.449667
1.24538,   -0.288202
0.874801,   -1.17151
0,   0
-0.621615,   -0.45233
-0.599573,   -5.46683
-1.17183,   9.01408
16.3405,   10.83
29.5329,   8.96572
39.466,   7.81957

0.863221,   0.507716
0.884033,   0.127653
1.5862,   0.527864
0,   0
-0.439614,   -0.269333
-0.206953,   -4.61449
-1.5163,   9.90119
16.1728,   11.9701
29.4437,   10.0944
39.4006,   8.93045

0.0411127,   0.999978
-0.297085,   1.15614
-0.0191801,   1.71953
0,   0
-0.683721,   -0.334227
-0.597366,   -4.19151
-2.64864,   10.3129
15.2124,   12.6434
28.563,   10.7576
38.544,   9.57608

-0.818378,   0.574927
-0.520728,   0.818683
-1.53181,   0.470212
0,   0
-0.762926,   -0.944407
-1.0207,   -4.64955
-3.81541,   9.79706
14.2124,   12.3978
27.6439,   10.5032
37.6494,   9.30431

-0.925716,   -0.378274
-0.807408,   -0.74206
-0.77726,   -1.08523
0,   0
-0.105238,   -1.66057
-0.69046,   -5.59918
-4.22674,   8.74301
13.9624,   11.6224
27.4758,   9.7203
37.5063,   8.50426

-0.182075,   -0.983865
-0.549496,   -0.924796
0.516478,   -0.796584
0,   0
1.17638,   -1.67408
0.489106,   -6.16461
-3.78348,   8.0266
14.5613,   11.1929
28.1578,   9.28468
38.2136,   8.05173

0.729018,   -0.686406
0.954162,   -0.376409
0.502962,   -0.000898898
0,   0
2.25038,   -0.593913
1.83141,   -5.79064
-3.16883,   8.20341
15.3255,   11.6648
29.0061,   9.75177
39.0877,   8.50212

0.972333,   0.240119
1.18021,   -0.0830273
0.302948,   -0.0281991
0,   0
2.23687,   1.08978
2.4982,   -4.75175
-3.21772,   8.99958
15.4198,   12.7639
29.1856,   10.8476
39.2934,   9.58146

0.325297,   0.946699
-0.0446142,   0.904363
0.634047,   0.293322
0,   0
0.983729,   2.31875
2.2639,   -3.89768
-4.15237,   9.56634
14.6217,   13.6414
28.4737,   11.7231
38.6081,   10.4407

-0.619703,   0.785185
-0.482092,   1.14076
0.0162982,   1.12927
0,   0
-0.749701,   2.29941
1.718,   -3.87762
-5.38008,   9.25566
13.5236,   13.649
27.4628,   11.7301
37.6242,   10.4318

-0.995231,   -0.0974392
-0.711522,   -0.358574
-1.3746,   0.51633
0,   0
-1.87736,   1.13777
1.72507,   -4.54581
-6.03316,   8.21466
12.9929,   12.9337
27.0204,   11.0157
37.2091,   9.70161

-0.45585,   -0.890513
-0.801365,   -1.03118
-1.04427,   -1.30766
0,   0
-1.84374,   -0.279092
2.62787,   -5.09306
-5.76586,   7.25418
13.3751,   12.306
27.4918,   10.3904
37.7083,   9.06083

0.502405,   -0.865948
0.543164,   -0.488852
0.954617,   -1.42991
0,   0
-1.00284,   -1.04935
3.92775,   -4.79298
-5.07392,   7.1025
14.1742,   12.4942
28.381,   10.5824
38.6258,   9.23757

1.0004,   -0.0475167
1.34138,   -0.229567
1.53907,   0.434679
0,   0
-0.200769,   -0.97441
4.74317,   -3.67127
-4.83619,   7.73599
14.5111,   13.4743
28.8089,   11.5678
39.0823,   10.208

0.582346,   0.814441
0.286188,   0.585613
0.0705034,   1.32274
0,   0
0.0210538,   -0.596921
4.61604,   -2.4804
-5.50821,   8.40457
13.9299,   14.496
28.3198,   12.5964
38.6222,   11.2219

-0.369178,   0.92987
-0.428083,   1.30257
-0.844226,   0.386888
0,   0
-0.134043,   -0.572725
3.9269,   -2.01272
-6.70711,   8.31841
12.8133,   14.7693
27.2961,   12.878
37.6279,   11.489

-0.981469,   0.191654
-0.605362,   0.100505
-0.410535,   -0.251996
0,   0
-0.0150163,   -0.985018
3.54657,   -2.37785
-7.55992,   7.37061
12.0341,   14.1869
26.6107,   12.3056
36.9722,   10.9024

-0.691539,   -0.72267
-0.917155,   -1.02328
-0.279702,   -0.128698
0,   0
0.738967,   -1.24782
4.03636,   -2.90087
-7.50343,   6.23894
12.1551,   13.4265
26.8264,   11.5566
37.2181,   10.1395

0.233901,   -0.973207
0.0794644,   -0.630929
-0.382229,   -0.598295
0,   0
1.73361,   -0.70183
5.12808,   -2.74465
-6.80408,   5.76353
12.9098,   13.3278
27.6766,   11.471
38.0988,   10.0402

0.945128,   -0.331122
1.33203,   -0.325491
0.609509,   -0.969981
0,   0
2.10024,   0.661849
5.97089,   -1.68326
-6.31136,   6.17345
13.4484,   14.1197
28.3115,   12.2776
38.7647,   10.8334

0.790785,   0.614329
0.651632,   0.263179
1.44917,   0.315243
0,   0
1.28213,   2.05439
5.91246,   -0.308897
-6.67639,   6.87972
13.1197,   15.2129
28.0798,   13.387
38.5644,   11.9297

-0.0878544,   0.996863
-0.326887,   1.28448
0.174589,   1.67007
0,   0
-0.39636,   2.48471
5.0934,   0.509097
-7.75769,   7.01632
12.0648,   15.7411
27.1228,   13.9331
37.6391,   12.463

-0.885565,   0.464729
-0.512906,   0.566788
-1.57207,   0.685519
0,   0
-1.90792,   1.58629
4.31849,   0.415885
-8.74982,   6.23174
11.0891,   15.3525
26.2458,   13.5641
36.7941,   12.0814

-0.86936,   -0.494362
-0.912359,   -0.871619
-1.04701,   -1.19405
0,   0
-2.31993,   -0.052285
4.32057,   -0.103939
-8.9196,   5.01399
10.9256,   14.5348
26.1816,   12.7676
36.7623,   11.2727

-0.0541071,   -0.999243
-0.360605,   -0.786911
0.655781,   -1.13742
0,   0
-1.52684,   -1.36036
5.08486,   -0.172323
-8.28172,   4.24451
11.5594,   14.1692
26.9154,   12.4248
37.529,   10.9179

0.811114,   -0.587214
1.14531,   -0.395358
0.909799,   0.128319
0,   0
-0.271455,   -1.65045
5.86267,   0.670336
-7.58504,   4.38628
12.2414,   14.7182
27.6981,   12.9985
38.345,   11.4799

0.933399,   0.362914
0.989499,   -0.0146073
0.214381,   0.417386
0,   0
0.543563,   -1.10542
5.86172,   2.04217
-7.62229,   5.06078
12.1789,   15.8032
27.7369,   14.1097
38.4173,   12.5798

0.200882,   0.980565
-0.150916,   1.10224
0.191002,   0.258477
0,   0
0.612478,   -0.484012
4.97104,   3.06963
-8.50517,   5.39774
11.2599,   16.5535
26.92,   14.888
37.6343,   13.347

-0.715559,   0.698859
-0.441733,   0.967949
0.00707215,   0.72908
0,   0
0.383433,   -0.355665
3.86267,   3.18293
-9.56263,   4.83064
10.1553,   16.4021
25.918,   14.7663
36.6667,   13.2146

-0.974402,   -0.224774
-0.822992,   -0.577093
-1.04479,   0.49382
0,   0
0.508225,   -0.57763
3.37949,   2.63673
-9.95294,   3.61713
9.70677,   15.6066
25.5727,   14.0022
36.356,   12.44

-0.337495,   -0.941854
-0.709002,   -0.919679
-1.04935,   -1.05669
0,   0
1.11964,   -0.49562
3.76126,   2.27683
-9.43788,   2.60601
10.1524,   15.0153
26.1221,   13.4441
36.9405,   11.8718

0.609552,   -0.794324
0.80486,   -0.465833
0.768002,   -1.49915
0,   0
1.63903,   0.327812
4.42419,   2.75879
-8.60293,   2.45567
10.9067,   15.2863
26.9806,   13.7501
37.8344,   12.168

0.998242,   0.0812436
1.23489,   -0.222448
1.69411,   0.278295
0,   0
1.31544,   1.56887
4.50184,   3.9437
-8.31647,   3.02986
11.101,   16.2829
27.2798,   14.7835
38.1694,   13.1919

0.472883,   0.882393
0.108693,   0.803445
0.237201,   1.56462
0,   0
-0.0100549,   2.32268
3.64072,   5.02695
-8.9341,   3.52644
10.3799,   17.2028
26.664,   15.742
37.5897,   14.1412

-0.485685,   0.874563
-0.382037,   1.24039
-1.15117,   0.59677
0,   0
-1.6341,   1.86637
2.32407,   5.27201
-9.97485,   3.21117
9.22412,   17.3114
25.614,   15.8909
36.5762,   14.2813

-0.997954,   0.0636837
-0.691619,   -0.171416
-0.679911,   -0.585216
0,   0
-2.49088,   0.329962
1.43394,   4.68308
-10.5592,   2.09034
8.51321,   16.6145
25.0093,   15.2362
36.0083,   13.6181

-0.592797,   -0.805727
-0.92326,   -0.98008
0.0382374,   -0.45261
0,   0
-2.01236,   -1.33949
1.44414,   4.00314
-10.2158,   0.908779
8.71835,   15.8567
25.3211,   14.5224
36.3572,   12.8961

0.35709,   -0.935192
0.362005,   -0.556992
-0.0309777,   -0.326857
0,   0
-0.591825,   -2.11968
1.98475,   4.02933
-9.31743,   0.465287
9.46686,   15.8364
26.1766,   14.5479
37.2503,   12.9138

0.979864,   -0.207133
1.33594,   -0.358323
0.397375,   -0.632546
0,   0
0.766674,   -1.71166
2.18684,   4.87822
-8.73581,   0.877783
9.88694,   16.6711
26.7041,   15.4303
37.8156,   13.7887

0.705351,   0.710665
0.432388,   0.453436
1.16548,   0.153189
0,   0
1.28736,   -0.695228
1.48319,   5.88122
-9.04107,   1.47883
9.40845,   17.6931
26.3333,   16.5019
37.4831,   14.8532

-0.215289,   0.977137
-0.309478,   1.34148
0.316393,   1.46698
0,   0
1.0007,   0.0596685
0.127974,   6.19672
-9.98203,   1.4277
8.28257,   18.0613
25.3155,   16.9215
36.5038,   15.266

-0.938006,   0.346751
-0.555267,   0.28928
-1.45709,   0.847694
0,   0
0.575975,   0.171315
-1.03172,   5.57888
-10.7146,   0.479203
7.35338,   17.5302
24.4946,   16.4436
35.7218,   14.7817

-0.798511,   -0.602253
-0.994552,   -0.924059
-1.26585,   -1.15191
0,   0
0.595711,   0.0127621
-1.32856,   4.6059
-10.5745,   -0.788088
7.28522,   16.6779
24.535,   15.6465
35.8014,   13.9785

0.0748415,   -0.998019
-0.111821,   -0.673188
0.651977,   -1.43352
0,   0
0.964423,   0.237615
-0.887835,   4.14983
-9.69007,   -1.50197
7.94975,   16.3763
25.3084,   15.4021
36.6143,   13.7283

0.879862,   -0.478251
1.2645,   -0.438278
1.28313,   0.121519
0,   0
1.01871,   1.036
-0.508743,   4.57344
-8.86352,   -1.29981
8.54482,   16.9878
26.0125,   16.0725
37.3583,   14.3933

0.879084,   0.479679
0.773713,   0.115865
0.257604,   0.845649
0,   0
0.228767,   1.85199
-0.92579,   5.40006
-8.83232,   -0.658645
8.33299,   18.0348
25.9099,   17.1804
37.2959,   15.4963

0.0732101,   0.998127
-0.192614,   1.26025
-0.253226,   0.354487
0,   0
-1.18485,   1.84599
-2.13538,   5.75301
-9.5958,   -0.455765
7.31502,   18.6398
25.0013,   17.8482
36.4278,   16.1594

-0.799498,   0.600884
-0.437934,   0.735712
-0.136899,   0.31118
0,   0
-2.31352,   0.687342
-3.39648,   5.15729
-10.4157,   -1.16704
6.22918,   18.3265
24.025,   17.5996
35.4924,   15.9066

-0.937371,   -0.3484
-0.944782,   -0.729086
-0.684496,   0.328451
0,   0
-2.28358,   -1.04752
-3.90473,   3.97793
-10.4905,   -2.42849
5.87717,   17.4586
23.7826,   16.7984
35.2911,   15.1015

-0.213557,   -0.977533
-0.539358,   -0.79703
-0.903118,   -0.766584
0,   0
-1.01541,   -2.26676
-3.53074,   3.08873
-9.6934,   -3.36758
6.38589,   16.9082
24.401,   16.3167
35.951,   14.6162

0.7066,   -0.709469
1.02148,   -0.488591
0.538998,   -1.41164
0,   0
0.672918,   -2.22921
-2.93744,   3.06856
-8.68974,   -3.40693
7.09002,   17.2524
25.2149,   16.7315
36.8066,   15.0279

0.979553,   0.208764
1.07058,   -0.162911
1.69137,   0.080708
0,   0
1.72356,   -1.119
-2.96614,   3.67244
-8.32319,   -2.79325
7.14605,   18.2442
25.3807,   17.7958
37.0146,   16.0894

0.355598,   0.935773
-0.00651574,   1.02154
0.444137,   1.65263
0,   0
1.67132,   0.167842
-3.86446,   4.06115
-8.84355,   -2.36758
6.30431,   19.0421
24.6487,   18.6682
36.325,   16.9595

-0.594073,   0.804761
-0.346652,   1.09713
-1.31378,   0.848981
0,   0
0.929912,   0.808876
-5.05937,   3.57024
-9.67974,   -2.79641
5.13603,   18.9794
23.5901,   18.6819
35.3091,   16.9712

-0.997815,   -0.0653383
-0.814439,   -0.403104
-0.997394,   -0.787491
0,   0
0.313857,   0.709683
-5.67751,   2.32115
-9.96023,   -3.96047
4.51288,   18.1749
23.0766,   17.9558
34.8386,   16.2436

-0.484199,   -0.87539
-0.856242,   -0.890603
0.237915,   -0.834832
0,   0
0.252889,   0.456393
-5.34601,   1.11564
-9.31372,   -5.06032
4.80631,   17.4278
23.4796,   17.2891
35.2849,   15.5757

0.474361,   -0.88164
0.637798,   -0.537319
0.393694,   -0.164118
0,   0
0.43284,   0.638002
-4.53599,   0.700191
-8.21285,   -5.35189
5.54396,   17.4819
24.3267,   17.4256
36.1756,   15.7114

0.998391,   -0.0796488
1.26198,   -0.361185
0.288193,   -0.204605
0,   0
0.189943,   1.20545
-4.12595,   1.08206
-7.53714,   -4.83039
5.84638,   18.3415
24.7385,   18.3696
36.6313,   16.655

0.608274,   0.795297
0.253346,   0.680215
0.776587,   0.0927328
0,   0
-0.741461,   1.48739
-4.59472,   1.52887
-7.76637,   -4.23083
5.23399,   19.2714
24.2352,   19.3858
36.1722,   17.6713

-0.339025,   0.941295
-0.270644,   1.31423
0.353953,   1.14811
0,   0
-1.85249,   0.846854
-5.58479,   1.24168
-8.54375,   -4.35479
4.06379,   19.4697
23.174,   19.6725
35.1554,   17.9583

-0.974759,   0.22317
-0.648202,   0.0162735
-1.22015,   0.901937
0,   0
-2.22831,   -0.631374
-6.22712,   0.0882845
-9.0007,   -5.33718
3.20454,   18.8012
22.4234,   19.0943
34.4496,   17.381

-0.714387,   -0.700047
-1.02656,   -0.906667
-1.37591,   -0.987287
0,   0
-1.35754,   -2.07585
-5.93712,   -1.26928
-8.55284,   -6.51866
3.24083,   17.9249
22.5682,   18.3103
34.6394,   16.5982

0.202506,   -0.980252
0.171124,   -0.60437
0.529581,   -1.62469
0,   0
0.34914,   -2.49388
-4.95457,   -1.97991
-7.43998,   -7.05085
3.9331,   17.6889
23.3686,   18.1686
35.4852,   16.4583

0.93401,   -0.361451
1.30232,   -0.480288
1.56001,   0.000428557
0,   0
1.82986,   -1.59255
-4.12182,   -1.78464
-6.50424,   -6.67747
4.43948,   18.3492
23.9829,   18.9253
36.145,   17.217

0.810253,   0.588456
0.563158,   0.305081
0.413628,   1.1912
0,   0
2.2075,   -0.0193688
-4.10942,   -1.24844
-6.4157,   -5.96615
4.09013,   19.338
23.741,   20.0124
35.949,   18.3066

-0.0555742,   0.999181
-0.184526,   1.35173
-0.631967,   0.565508
0,   0
1.45731,   1.18252
-4.80512,   -1.23876
-7.0614,   -5.78691
2.99826,   19.7848
22.7563,   20.5595
35.0104,   18.8567

-0.870076,   0.493097
-0.483845,   0.470011
-0.402137,   -0.0579125
0,   0
0.3409,   1.41699
-5.41669,   -2.13041
-7.64816,   -6.51712
1.95732,   19.3121
21.8221,   20.1892
34.1227,   18.4897

-0.88483,   -0.466035
-1.0494,   -0.806159
-0.359998,   0.0311591
0,   0
-0.310422,   0.942977
-5.19707,   -3.45697
-7.42783,   -7.69275
1.71573,   18.3837
21.6869,   19.3651
34.034,   17.6694

-0.0862318,   -0.996953
-0.303604,   -0.692747
-0.612221,   -0.503269
0,   0
-0.307499,   0.506516
-4.13424,   -4.33462
-6.38703,   -8.43231
2.28715,   17.8807
22.3642,   18.9685
34.7583,   17.2771

0.791826,   -0.613009
1.17097,   -0.538863
0.332194,   -1.16913
0,   0
-0.163395,   0.566606
-2.96391,   -4.27431
-5.25992,   -8.24893
2.93771,   18.2899
23.1201,   19.4861
35.5613,   17.7993

0.944664,   0.332643
0.874037,   -0.0405713
1.52781,   -0.0948191
0,   0
-0.477733,   0.859146
-2.49278,   -3.62692
-4.85143,   -7.49552
2.86277,   19.2581
23.1501,   20.5646
35.6387,   18.883

0.232497,   0.973601
-0.0576897,   1.20764
0.627457,   1.57889
0,   0
-1.25908,   0.699722
-2.86279,   -3.25675
-5.30162,   -7.03826
1.92257,   19.9189
22.3142,   21.3378
34.8505,   19.6616

-0.692546,   0.721725
-0.345149,   0.888291
-1.31901,   1.07911
0,   0
-1.83582,   -0.275927
-3.42419,   -3.75004
-5.95864,   -7.46512
0.769274,   19.6841
21.2647,   21.2174
33.8489,   19.5472

-0.981181,   -0.19301
-0.953019,   -0.573768
-1.29873,   -0.841085
0,   0
-1.45662,   -1.63575
-3.3302,   -4.87513
-5.9735,   -8.54592
0.25219,   18.7837
20.8507,   20.4334
33.4831,   18.7697

-0.367812,   -0.930365
-0.709809,   -0.783454
0.298699,   -1.21095
0,   0
-0.0428678,   -2.41639
-2.31786,   -5.79024
-5.0809,   -9.44019
0.636946,   18.058
21.338,   19.826
34.0189,   18.1692

0.583583,   -0.813534
0.87644,   -0.565468
0.82707,   -0.133278
0,   0
1.61888,   -1.93052
-0.953924,   -5.81729
-3.84511,   -9.47096
1.35959,   18.1837
22.1626,   20.0721
34.892,   18.4227

1.00037,   0.0490296
1.12542,   -0.313611
0.307935,   0.250419
0,   0
2.45982,   -0.389989
-0.113874,   -5.06373
-3.1391,   -8.74651
1.54753,   19.0524
22.4517,   21.0632
35.23,   19.4216

0.501205,   0.866694
0.132272,   0.915788
0.343197,   0.162239
0,   0
1.98208,   1.22683
-0.182007,   -4.31939
-3.34451,   -8.05723
0.819447,   19.8735
21.8241,   22.0087
34.6515,   20.3753

-0.457083,   0.889882
-0.238196,   1.203
0.256404,   0.771412
0,   0
0.636572,   1.94976
-0.704488,   -4.33327
-4.00479,   -8.15264
-0.367795,   19.8974
20.7366,   22.1589
33.6134,   20.5342

-0.995355,   0.0960322
-0.781743,   -0.224393
-0.916579,   0.813967
0,   0
-0.591263,   1.56252
-0.805234,   -5.12765
-4.24117,   -9.05515
-1.13504,   19.1015
20.0684,   21.4914
32.9946,   19.8759

-0.618569,   -0.786063
-0.987583,   -0.838342
-1.33882,   -0.751754
0,   0
-1.01602,   0.680118
0.0077374,   -5.9737
-3.55892,   -10.0359
-0.987204,   18.2147
20.3144,   20.7349
33.2904,   19.129

0.326669,   -0.946206
0.456871,   -0.589115
0.336903,   -1.66835
0,   0
-0.761488,   0.111335
1.38477,   -6.06142
-2.30498,   -10.2844
-0.270866,   18.0471
21.1281,   20.6995
34.1541,   19.1037

0.972688,   -0.238675
1.26082,   -0.495856
1.69421,   -0.188459
0,   0
-0.502035,   0.114806
2.45514,   -5.24557
-1.34736,   -9.65504
0.146334,   18.7444
21.6418,   21.5311
34.718,   19.9459

0.728069,   0.687483
0.385706,   0.537622
0.637724,   1.4038
0,   0
-0.720424,   0.238
2.62446,   -4.17591
-1.27784,   -8.79665
-0.326993,   19.6576
21.264,   22.5805
34.3906,   21.0064

-0.183383,   0.983674
-0.150773,   1.36036
-0.891787,   0.849017
0,   0
-1.20028,   -0.143036
2.11361,   -3.70203
-1.87294,   -8.55776
-1.46701,   19.9381
20.2187,   22.9992
33.3959,   21.4366

-0.926209,   0.377115
-0.582295,   0.199925
-0.748306,   -0.323106
0,   0
-1.22746,   -1.11227
1.75521,   -4.09794
-2.29755,   -9.21108
-2.43822,   19.3131
19.3413,   22.5143
32.5693,   20.9637

-0.817648,   -0.575953
-1.10875,   -0.812633
-0.1275,   -0.359778
0,   0
-0.319251,   -2.01355
2.2293,   -4.80881
-1.86927,   -10.2003
-2.55785,   18.3389
19.3144,   21.6822
32.5934,   20.1441

0.042417,   -0.999884
-0.0248315,   -0.629747
-0.212094,   -0.324474
0,   0
1.20243,   -1.9871
3.43339,   -4.9607
-0.688352,   -10.6497
-1.92575,   17.891
20.0383,   21.3784
33.3685,   19.8533

0.863895,   -0.50646
1.24131,   -0.592177
0.206282,   -0.802559
0,   0
2.36501,   -0.770403
4.57497,   -4.16729
0.45478,   -10.1711
-1.33196,   18.3578
20.7228,   21.9911
34.1044,   20.4795

0.894151,   0.451011
0.674992,   0.144319
1.22985,   -0.188962
0,   0
2.32222,   0.983165
4.89912,   -2.88398
0.807133,   -9.21776
-1.5291,   19.286
20.6154,   23.0671
34.0486,   21.5694

0.105545,   0.995288
-0.0568468,   1.33279
0.726614,   1.36558
0,   0
1.06647,   2.17662
4.37611,   -1.99029
0.340702,   -8.66685
-2.54477,   19.7982
19.6883,   23.7291
33.1733,   22.2458

-0.779557,   0.626617
-0.393056,   0.637935
-1.18425,   1.224
0,   0
-0.551493,   2.13029
3.7264,   -1.98845
-0.22251,   -9.01814
-3.65658,   19.3947
18.664,   23.4773
32.2009,   22.009

-0.948259,   -0.317644
-1.08012,   -0.672862
-1.51883,   -0.758975
0,   0
-1.51622,   1.09091
3.76123,   -2.54369
-0.0699649,   -9.93429
-4.0516,   18.4129
18.3554,   22.6491
31.9444,   21.1962

-0.245339,   -0.970028
-0.491275,   -0.689264
0.229891,   -1.51474
0,   0
-1.45091,   -0.0491097
4.63431,   -2.7913
0.953202,   -10.5479
-3.57457,   17.7203
18.9176,   22.112
32.5589,   20.675

0.683086,   -0.73207
1.05359,   -0.624458
1.20118,   -0.2279
0,   0
-0.822976,   -0.556196
5.69834,   -2.13568
2.20051,   -10.2604
-2.87159,   17.9153
19.7045,   22.4643
33.3983,   21.0437

0.985773,   0.176852
0.950305,   -0.202388
0.453164,   0.66336
0,   0
-0.399085,   -0.441546
6.10112,   -0.799158
2.82036,   -9.29138
-2.79387,   18.7786
19.865,   23.4868
33.6114,   22.0831

0.385765,   0.923778
0.0740253,   1.12754
-0.0663443,   0.361481
0,   0
-0.490358,   -0.315905
5.56498,   0.382281
2.53545,   -8.47376
-3.61831,   19.4771
19.1221,   24.3464
32.9213,   22.9601

-0.567615,   0.82372
-0.237315,   1.02061
0.0212053,   0.404033
0,   0
-0.690374,   -0.691316
4.63877,   0.720576
1.89473,   -8.49262
-4.79557,   19.3259
18.0251,   24.3581
31.8772,   22.9898

-0.999444,   -0.032743
-0.936103,   -0.410249
-0.612522,   0.577712
0,   0
-0.334559,   -1.40186
4.19723,   0.303202
1.77277,   -9.25745
-5.4507,   18.4157
17.4488,   23.6126
31.3541,   22.2628

-0.512496,   -0.859108
-0.867386,   -0.747173
-1.14363,   -0.510149
0,   0
0.755977,   -1.70299
4.63765,   -0.0864563
2.56644,   -9.98185
-5.18644,   17.5328
17.7907,   22.8963
31.7492,   21.5654

0.445377,   -0.896588
0.713665,   -0.62341
0.136587,   -1.5489
0,   0
1.96712,   -0.98206
5.51251,   0.307294
3.82757,   -9.90715
-4.45061,   17.4361
18.6027,   22.968
32.6146,   21.6566

0.995253,   -0.112064
1.15315,   -0.462581
1.66548,   -0.383765
0,   0
2.35046,   0.584474
5.9435,   1.51452
4.67687,   -9.00034
-4.12209,   18.1588
19.0061,   23.8608
33.0715,   22.5694

0.633827,   0.775113
0.261631,   0.78708
0.868312,   1.45853
0,   0
1.44836,   2.06129
5.42814,   2.8129
4.61071,   -7.98088
-4.70416,   18.9814
18.4974,   24.8554
32.6166,   23.5844

-0.308177,   0.951896
-0.119834,   1.2831
-1.0032,   1.14404
0,   0
-0.259658,   2.47161
4.2983,   3.38646
3.95948,   -7.66198
-5.86605,   19.0909
17.4075,   25.1387
31.5804,   23.8887

-0.966972,   0.25493
-0.724949,   -0.0454514
-1.11551,   -0.45157
0,   0
-1.69779,   1.586
3.41911,   3.06905
3.58659,   -8.20713
-6.74394,   18.324
16.6001,   24.5473
30.827,   23.3189

-0.736876,   -0.676299
-1.09932,   -0.765166
-0.0218551,   -0.785191
0,   0
-2.04312,   0.095023
3.39779,   2.49749
4.09743,   -8.97711
-6.73214,   17.3202
16.6808,   23.7207
30.9618,   22.5143

0.170426,   -0.986298
0.26604,   -0.619536
0.239608,   -0.267354
0,   0
-1.34592,   -0.990366
4.02445,   2.52474
5.27998,   -9.11651
-6.04228,   16.9349
17.4382,   23.5145
31.7733,   22.3307

0.921731,   -0.391657
1.23206,   -0.622265
0.201063,   -0.366902
0,   0
-0.380185,   -1.16999
4.46791,   3.43184
6.30075,   -8.34207
-5.50753,   17.4517
18.0388,   24.2119
32.4283,   23.0512

0.828956,   0.561785
0.502432,   0.378492
0.848701,   -0.160173
0,   0
0.105682,   -0.773161
4.04228,   4.67077
6.47133,   -7.19985
-5.81594,   18.3246
17.7947,   25.2672
32.2386,   24.1301

-0.0230595,   1.00046
-0.02677,   1.37751
0.697705,   1.06021
0,   0
0.0341801,   -0.518775
2.83476,   5.36598
5.87626,   -6.56363
-6.88264,   18.6801
16.7907,   25.8068
31.2892,   24.6939

-0.853593,   0.521167
-0.495113,   0.3753
-0.953478,   1.23621
0,   0
-0.0316055,   -0.760164
1.62859,   5.11249
5.29597,   -6.83682
-7.92686,   18.115
15.8076,   25.4275
30.3607,   24.3392

-0.899597,   -0.436936
-1.16686,   -0.701541
-1.6062,   -0.580956
0,   0
0.459674,   -1.12557
1.18949,   4.34789
5.49322,   -7.58051
-8.18554,   17.0685
15.6083,   24.5684
30.2162,   23.5054

-0.118775,   -0.993617
-0.221554,   -0.632693
0.0682808,   -1.69146
0,   0
1.4025,   -0.899349
1.56252,   3.95105
6.51002,   -7.91468
-7.61634,   16.4208
16.2353,   24.1098
30.898,   23.0725

0.771354,   -0.638564
1.15478,   -0.690254
1.45858,   -0.413356
0,   0
2.03495,   0.212594
2.03305,   4.43122
7.62858,   -7.32928
-6.93675,   16.6822
16.9709,   24.5619
31.6886,   23.5509

0.954999,   0.301606
0.765847,   -0.0256379
0.691564,   0.973558
0,   0
1.61192,   1.67449
1.78824,   5.46095
8.03284,   -6.15119
-6.96251,   17.5262
16.9994,   25.5982
31.7721,   24.6141

0.264103,   0.965475
0.0695632,   1.28466
-0.389529,   0.660658
0,   0
0.132473,   2.47972
0.663057,   6.17821
7.5545,   -5.24209
-7.86166,   18.0913
16.1528,   26.3572
30.9806,   25.4004

-0.66869,   0.743875
-0.285145,   0.789703
-0.324568,   0.10835
0,   0
-1.5521,   1.97845
-0.706817,   5.97353
6.82596,   -5.2114
-9.0015,   17.7684
15.0637,   26.2298
29.9467,   25.3009

-0.986976,   -0.160958
-1.08488,   -0.528098
-0.370767,   0.217412
0,   0
-2.37555,   0.449515
-1.46192,   5.04903
6.70338,   -5.85719
-9.52563,   16.7598
14.5885,   25.4181
29.5268,   24.5177

-0.397975,   -0.917886
-0.670306,   -0.663381
-0.810405,   -0.325828
0,   0
-1.90326,   -1.10221
-1.30643,   4.23604
7.4793,   -6.34859
-9.14121,   15.8965
15.02,   24.7534
30.0137,   23.882

0.556727,   -0.832124
0.915414,   -0.69175
-0.00800586,   -1.28087
0,   0
-0.643956,   -1.75968
-0.7789,   4.22976
8.61196,   -5.99114
-8.3898,   15.8734
15.8166,   24.9303
30.8657,   24.0885

1.00143,   0.0164104
1.00146,   -0.365516
1.48378,   -0.522033
0,   0
0.441017,   -1.39518
-0.752057,   4.95095
9.22544,   -4.86506
-8.14706,   16.6106
16.1026,   25.8691
31.2073,   25.0573

0.529186,   0.849914
0.198795,   1.02129
1.04072,   1.36079
0,   0
0.765372,   -0.652352
-1.62994,   5.62275
8.91258,   -3.74844
-8.81991,   17.3303
15.4712,   26.7918
30.6314,   26.0107

-0.427804,   0.904347
-0.117526,   1.13006
-0.96665,   1.38395
0,   0
0.539539,   -0.271429
-2.97755,   5.4823
8.10531,   -3.40566
-9.97612,   17.2684
14.3545,   26.9344
29.5703,   26.1845

-0.991695,   0.128499
-0.893703,   -0.242483
-1.4365,   -0.439585
0,   0
0.439214,   -0.395362
-3.91434,   4.47973
7.68138,   -3.88827
-10.7378,   16.3738
13.6303,   26.2458
28.9019,   25.5276

-0.643925,   -0.76543
-1.00833,   -0.68967
-0.0497243,   -1.17744
0,   0
0.855515,   -0.492698
-3.91916,   3.32884
8.15919,   -4.48439
-10.5864,   15.3587
13.8173,   25.4381
29.1446,   24.7522

0.295591,   -0.956354
0.536838,   -0.660293
0.674528,   -0.340913
0,   0
1.44978,   0.0376773
-3.30952,   2.85254
9.21868,   -4.37326
-9.84172,   15.0443
14.5955,   25.3324
29.9785,   24.6793

0.964378,   -0.270267
1.1538,   -0.605664
0.328735,   0.0704882
0,   0
1.45439,   1.17026
-2.9456,   3.22684
9.99722,   -3.38124
-9.36629,   15.6044
15.1025,   26.1026
30.5413,   25.483

0.75011,   0.663382
0.378224,   0.638016
0.449655,   0.00713468
0,   0
0.440218,   2.15098
-3.43763,   3.82446
9.88238,   -2.1381
-9.77235,   16.4098
14.7258,   27.1195
30.2205,   26.5338

-0.151181,   0.989146
0.00477149,   1.33562
0.522428,   0.725961
0,   0
-1.1746,   2.10986
-4.5877,   3.7923
9.07006,   -1.49965
-10.8639,   16.6049
13.6617,   27.5274
29.2123,   26.9763

-0.913394,   0.407136
-0.644969,   0.129361
-0.687701,   1.09346
0,   0
-2.36449,   0.848071
-5.56799,   2.83297
8.38626,   -1.76612
-11.8147,   15.8899
12.7362,   27.0266
28.3427,   26.5106

-0.835971,   -0.548989
-1.18838,   -0.67366
-1.53343,   -0.365827
0,   0
-2.30868,   -0.911165
-5.67645,   1.48275
8.53144,   -2.40424
-11.9243,   14.7985
12.6498,   26.1506
28.3122,   25.6703

0.00979924,   -1.00076
0.0697703,   -0.627591
-0.12978,   -1.70915
0,   0
-1.07239,   -2.06471
-4.98306,   0.622828
9.43423,   -2.5359
-11.2638,   14.2092
13.3313,   25.778
29.0497,   25.3339

0.846916,   -0.534445
1.17685,   -0.736522
1.56324,   -0.63436
0,   0
0.457586,   -2.00306
-4.26381,   0.669765
10.3176,   -1.7477
-10.6103,   14.5358
14.0036,   26.3224
29.778,   25.9151

0.908463,   0.421498
0.600859,   0.206505
0.968534,   1.14123
0,   0
1.32053,   -1.04294
-4.28481,   1.19801
10.4145,   -0.468501
-10.7307,   15.3497
13.9,   27.3555
29.7303,   26.9855

0.138105,   0.991299
0.0979376,   1.36522
-0.582813,   1.00685
0,   0
1.23741,   -0.0627113
-5.10185,   1.33474
9.66862,   0.425576
-11.6812,   15.7752
12.9639,   28.0014
28.8503,   27.6693

-0.758602,   0.651801
-0.388533,   0.538516
-0.729688,   -0.0698813
0,   0
0.724051,   0.299737
-6.00902,   0.559809
8.78548,   0.411003
-12.7563,   15.2893
11.9011,   27.737
27.8435,   27.4434

-0.958106,   -0.286467
-1.19906,   -0.576519
-0.238131,   -0.21765
0,   0
0.498643,   0.160634
-6.18273,   -0.813254
8.58859,   -0.202057
-13.1323,   14.2025
11.535,   26.8728
27.5334,   26.6183

-0.276857,   -0.961494
-0.414344,   -0.613215
-0.385692,   -0.247735
0,   0
0.751834,   0.161296
-5.43959,   -1.91944
9.26151,   -0.551971
-12.6258,   13.3767
12.0493,   26.2709
28.1036,   26.0559

0.658843,   -0.753985
1.04508,   -0.771138
-0.0459167,   -0.906798
0,   0
0.975016,   0.733844
-4.40633,   -2.13647
10.1779,   -0.0198203
-11.863,   13.4314
12.8175,   26.5504
28.9279,   26.3757

0.991047,   0.144546
0.833616,   -0.200255
1.18678,   -0.55091
0,   0
0.507112,   1.58449
-3.94155,   -1.65293
10.48,   1.20252
-11.7018,   14.175
12.9819,   27.52
29.1482,   27.386

0.415787,   0.910679
0.190812,   1.20841
1.10014,   1.14446
0,   0
-0.733326,   1.90171
-4.35014,   -1.28936
9.86367,   2.29125
-12.4462,   14.7841
12.2384,   28.3561
28.4606,   28.2635

-0.540341,   0.841894
-0.16301,   0.921996
-0.812133,   1.51054
0,   0
-2.0335,   1.10717
-5.10666,   -1.74548
8.85567,   2.5435
-13.5695,   14.5563
11.1135,   28.3564
27.3917,   28.3056

-0.999994,   7.51317e-05
-1.06305,   -0.375703
-1.64982,   -0.312803
0,   0
-2.4193,   -0.534641
-5.3351,   -2.95674
8.33337,   2.02077
-14.1944,   13.5534
10.4848,   27.5825
26.8188,   27.5743

-0.54039,   -0.841809
-0.836605,   -0.616146
-0.188464,   -1.47304
0,   0
-1.48874,   -2.02697
-4.61427,   -4.14759
8.71964,   1.49567
-13.898,   12.5485
10.7749,   26.8076
27.1648,   26.8425

0.415778,   -0.910662
0.759517,   -0.738546
1.02721,   -0.524691
0,   0
0.203201,   -2.41551
-3.36865,   -4.54251
9.59186,   1.74094
-13.1031,   12.3147
11.5611,   26.8047
28.0069,   26.8832

0.991066,   -0.144559
1.02665,   -0.52581
0.571242,   0.442275
0,   0
1.57352,   -1.55051
-2.47768,   -4.0773
10.0727,   2.81813
-12.687,   12.9139
11.9661,   27.6358
28.4676,   27.7585

0.658896,   0.753969
0.312984,   0.891163
0.099755,   0.298195
0,   0
1.87509,   -0.163437
-2.4701,   -3.45237
9.63565,   4.02438
-13.1764,   13.6436
11.4632,   28.5982
28.0205,   28.7657

-0.276782,   0.961533
0.0106543,   1.2143
0.21214,   0.428984
0,   0
1.23719,   0.78622
-3.04431,   -3.48922
8.58483,   4.53594
-14.2672,   13.6804
10.3565,   28.8687
26.9694,   29.0815

-0.958084,   0.286572
-0.826227,   -0.0746604
-0.452837,   0.803616
0,   0
0.435917,   0.901751
-3.34491,   -4.37766
7.77824,   4.16092
-15.1015,   12.8329
9.50371,   28.2556
26.1723,   28.5144

-0.758676,   -0.651711
-1.12908,   -0.612989
-1.3034,   -0.178864
0,   0
0.130453,   0.584042
-2.74821,   -5.49698
7.84236,   3.51818
-15.053,   11.7202
9.53127,   27.3782
26.2554,   27.6835

0.138003,   -0.991315
0.349888,   -0.674823
-0.29972,   -1.56492
0,   0
0.276236,   0.522864
-1.44039,   -5.98387
8.59391,   3.46933
-14.3051,   11.2044
10.2557,   27.0984
27.0353,   27.4509

0.908433,   -0.421631
1.12783,   -0.739004
1.50766,   -0.826386
0,   0
0.257517,   0.950314
-0.247819,   -5.52669
9.20958,   4.32469
-13.6813,   11.5961
10.8535,   27.7269
27.6886,   28.127

0.84703,   0.534289
0.479051,   0.47174
1.21845,   1.15426
0,   0
-0.411416,   1.38152
0.120983,   -4.64766
8.98399,   5.56089
-13.8872,   12.3723
10.6192,   28.7406
27.5096,   29.189

0.00996522,   1.00073
0.131914,   1.35945
-0.629805,   1.33361
0,   0
-1.5041,   1.08644
-0.28081,   -4.22192
7.97342,   6.3019
-14.8666,   12.6573
9.60877,   29.2638
26.5545,   29.7611

-0.835908,   0.549093
-0.543298,   0.296313
-1.12821,   -0.110827
0,   0
-2.18178,   -0.150708
-0.689376,   -4.67777
6.9449,   6.1188
-15.8525,   12.0225
8.5892,   28.8679
25.5901,   29.4146

-0.913499,   -0.406996
-1.25248,   -0.566305
-0.236677,   -0.661862
0,   0
-1.71474,   -1.69666
-0.330689,   -5.60149
6.67577,   5.42493
-16.068,   10.8816
8.33756,   27.9665
25.3936,   28.5632

-0.15142,   -0.989131
-0.127835,   -0.612946
0.065824,   -0.300088
0,   0
-0.184408,   -2.50898
0.863578,   -6.11486
7.23765,   5.09839
-15.4415,   10.113
8.92522,   27.438
26.0363,   28.0854

0.749944,   -0.663541
1.09676,   -0.835324
0.0502614,   -0.488935
0,   0
1.49454,   -1.99118
2.19001,   -5.68458
7.93037,   5.67266
-14.6735,   10.2506
9.65182,   27.8162
26.8178,   28.5148

0.964415,   0.270092
0.67863,   0.0254155
0.83345,   -0.439953
0,   0
2.28052,   -0.49765
2.81944,   -4.611
7.92801,   6.84779
-14.5901,   10.9945
9.69119,   28.8014
26.912,   29.5518

0.295773,   0.95631
0.21935,   1.3236
1.01324,   0.865142
0,   0
1.81998,   0.960521
2.55273,   -3.75055
7.03461,   7.76805
-15.3876,   11.4895
8.8471,   29.5381
26.1227,   30.3409

-0.643777,   0.765587
-0.265194,   0.68592
-0.59257,   1.48598
0,   0
0.668046,   1.54058
1.99923,   -3.73397
5.86261,   7.80365
-16.4536,   11.1061
7.73176,   29.3969
25.0619,   30.2526

-0.991782,   -0.128222
-1.20422,   -0.44102
-1.71287,   -0.121517
0,   0
-0.254589,   1.20346
2.01867,   -4.38878
5.27474,   7.1282
-16.9258,   10.018
7.20762,   28.5515
24.5923,   29.4608

-0.42816,   -0.904209
-0.599166,   -0.571927
-0.390503,   -1.62551
0,   0
-0.469654,   0.615291
2.92852,   -4.89575
5.59137,   6.56236
-16.4839,   9.04627
7.59479,   27.8229
25.0339,   28.7863

0.528857,   -0.850081
0.914667,   -0.832477
1.24792,   -0.772534
0,   0
-0.279642,   0.434784
4.2081,   -4.54445
6.29454,   6.81819
-15.6464,   8.90321
8.37502,   27.9233
25.8683,   28.9415

1.00139,   -0.0166814
0.877028,   -0.375874
0.883798,   0.69564
0,   0
-0.348385,   0.67505
4.97721,   -3.38781
6.50667,   7.84462
-15.2909,   9.53799
8.67044,   28.802
26.2179,   29.8754

0.556959,   0.832002
0.303681,   1.1054
-0.145867,   0.670462
0,   0
-0.956411,   0.73712
4.80128,   -2.19208
5.79558,   8.8775
-15.85,   10.1867
8.04858,   29.6948
25.65,   30.8242

-0.397675,   0.918057
-0.0297562,   1.03177
-0.193443,   0.224994
0,   0
-1.65092,   0.0631241
4.08517,   -1.73761
4.56834,   9.13868
-16.917,   10.0713
6.91621,   29.824
24.5715,   31.0098

-0.986917,   0.161323
-1.01472,   -0.219724
-0.305401,   0.403336
0,   0
-1.6296,   -1.21469
3.70275,   -2.10713
3.70085,   8.5478
-17.616,   9.11185
6.14893,   29.1093
23.858,   30.3522

-0.668959,   -0.743644
-0.986146,   -0.54895
-0.948775,   -0.0783589
0,   0
-0.52181,   -2.25724
4.19431,   -2.60884
3.73523,   7.79921
-17.4055,   8.00284
6.28854,   28.2453
24.0511,   29.5458

0.263726,   -0.965607
0.589583,   -0.763251
-0.3822,   -1.28641
0,   0
1.16,   -2.19647
5.26616,   -2.41435
4.37936,   7.72393
-16.5778,   7.57553
7.04257,   28.0632
24.8586,   29.422

0.954882,   -0.302035
1.02549,   -0.679306
1.31451,   -0.928956
0,   0
2.3524,   -0.909513
6.06107,   -1.32406
4.77732,   8.52441
-15.9891,   8.0325
7.55479,   28.7655
25.4241,   30.1831

0.771663,   0.638215
0.413646,   0.740039
1.37844,   1.03153
0,   0
2.28469,   0.821874
5.94543,   0.0501475
4.29656,   9.59165
-16.2724,   8.76491
7.19235,   29.7434
25.1147,   31.2205

-0.118277,   0.993693
0.143856,   1.27126
-0.545094,   1.57544
0,   0
1.09283,   1.91779
5.08641,   0.843749
3.10509,   10.0641
-17.2598,   8.91135
6.12291,   30.1355
24.0982,   31.6725

-0.899361,   0.437383
-0.735007,   0.0889132
-1.45292,   -0.0251216
0,   0
-0.324718,   1.84652
4.29936,   0.726625
2.01882,   9.6145
-18.1359,   8.14481
5.16206,   29.6147
23.1901,   31.2123

-0.85381,   -0.520784
-1.22661,   -0.519246
-0.358458,   -1.04735
0,   0
-1.07474,   0.982835
4.3021,   0.205597
1.75589,   8.7528
-18.1828,   6.97527
5.02757,   28.6908
23.1083,   30.3497

-0.0235187,   -1.0005
0.157221,   -0.666441
0.475419,   -0.477346
0,   0
-0.978416,   0.179337
5.05304,   0.15788
2.27474,   8.35916
-17.4424,   6.28307
5.67756,   28.2444
23.8107,   29.965

0.82868,   -0.562288
1.07598,   -0.859106
0.278268,   -0.0960488
0,   0
-0.593497,   -0.0355795
5.7899,   1.01987
2.81291,   8.87296
-16.6776,   6.50768
6.34921,   28.7147
24.5345,   30.4977

0.921964,   0.391087
0.561369,   0.292242
0.491139,   -0.18775
0,   0
-0.569461,   0.117312
5.7327,   2.38581
2.58992,   9.89138
-16.6692,   7.2464
6.2617,   29.6991
24.4991,   31.545

0.170964,   0.986183
0.257932,   1.35386
0.774966,   0.588603
0,   0
-0.972135,   -0.0114525
4.79717,   3.37936
1.52077,   10.5409
-17.5024,   7.6258
5.32968,   30.3241
23.6189,   32.2335

-0.736518,   0.676718
-0.422347,   0.450861
-0.372619,   1.30109
0,   0
-1.21172,   -0.765997
3.67241,   3.45141
0.293601,   10.2752
-18.4895,   7.09964
4.24095,   30.0434
22.5818,   32.0169

-0.967147,   -0.254352
-1.28965,   -0.446495
-1.61091,   0.0707482
0,   0
-0.641932,   -1.74026
3.1933,   2.88222
-0.257879,   9.37719
-18.7971,   5.9509
3.82885,   29.1399
22.2211,   31.1782

-0.308786,   -0.951724
-0.321643,   -0.575989
-0.593178,   -1.61514
0,   0
0.726736,   -2.06845
3.57374,   2.52454
0.0788217,   8.70214
-18.2132,   5.03491
4.30553,   28.469
22.749,   30.5726

0.633312,   -0.775573
0.993999,   -0.91587
1.31311,   -1.0224
0,   0
2.09287,   -1.21425
4.21047,   3.01582
0.698815,   8.88988
-17.3428,   4.99152
5.06575,   28.6705
23.5603,   30.84

0.995334,   0.111342
0.733762,   -0.160442
1.20432,   0.802901
0,   0
2.47617,   0.471825
4.24185,   4.19108
0.738644,   9.77762
-17.0499,   5.65802
5.24569,   29.5816
23.791,   31.8175

0.445972,   0.896263
0.334236,   1.25354
-0.255742,   1.06241
0,   0
1.53949,   1.95642
3.33894,   5.23556
-0.132635,   10.5526
-17.6657,   6.22165
4.51407,   30.3895
23.11,   32.6925

-0.511954,   0.85944
-0.128078,   0.813754
-0.634319,   0.147847
0,   0
-0.107975,   2.32613
2.00706,   5.42771
-1.41184,   10.4952
-18.6874,   5.96273
3.37372,   30.3746
22.02,   32.7452

-0.999459,   0.0334406
-1.18183,   -0.298999
-0.280917,   -0.0491346
0,   0
-1.39692,   1.49984
1.12784,   4.79849
-2.21963,   9.63788
-19.236,   4.91384
2.70362,   29.5693
21.4,   32.0082

-0.56821,   -0.823295
-0.770857,   -0.510017
-0.525549,   -0.102319
0,   0
-1.6563,   0.234595
1.15239,   4.10497
-2.10733,   8.73919
-18.8631,   3.83345
2.95212,   28.7322
21.6984,   31.2398

0.385144,   -0.924022
0.767302,   -0.872113
-0.335956,   -0.925851
0,   0
-1.08956,   -0.57007
1.68694,   4.1328
-1.47122,   8.58593
-17.9654,   3.50834
3.72258,   28.6499
22.5185,   31.2269

0.985691,   -0.177544
0.895063,   -0.547775
1.03199,   -0.898306
0,   0
-0.462896,   -0.626555
1.85953,   4.97231
-1.18588,   9.26935
-17.4178,   4.02974
4.1401,   29.4136
22.9854,   32.0606

0.683703,   0.731558
0.404772,   0.978217
1.4018,   0.817738
0,   0
-0.33335,   -0.394797
1.12346,   5.93831
-1.80065,   10.105
-17.77,   4.7131
3.65496,   30.3388
22.5494,   33.0564

-0.244515,   0.970252
0.110949,   1.11638
-0.370575,   1.68115
0,   0
-0.54586,   -0.518905
-0.241944,   6.1974
-3.03892,   10.2598
-18.7457,   4.72543
2.54347,   30.5924
21.4868,   33.3811

-0.947989,   0.318456
-0.94071,   -0.0645014
-1.64884,   0.148608
0,   0
-0.449586,   -1.11896
-1.38262,   5.52939
-4.04935,   9.51394
-19.4939,   3.84666
1.65662,   29.9543
20.6486,   32.8148

-0.780089,   -0.625945
-1.11506,   -0.463861
-0.567594,   -1.31649
0,   0
0.37997,   -1.61292
-1.6489,   4.53233
-4.185,   8.46533
-19.3679,   2.67474
1.64105,   29.0225
20.6814,   31.9553

0.104733,   -0.995355
0.41,   -0.764634
0.783255,   -0.745142
0,   0
1.60582,   -1.25899
-1.19218,   4.07421
-3.59997,   7.98169
-18.5223,   2.07728
2.34232,   28.6646
21.4308,   31.6702

0.893821,   -0.451734
0.998524,   -0.821848
0.605958,   0.210118
0,   0
2.32173,   0.0807401
-0.822159,   4.49373
-3.1066,   8.40121
-17.7696,   2.39235
2.94777,   29.2184
22.084,   32.2975

0.864423,   0.505711
0.497801,   0.571423
0.222364,   0.177162
0,   0
1.82506,   1.68728
-1.25866,   5.29259
-3.42735,   9.22483
-17.8326,   3.12079
2.73468,   30.185
21.9185,   33.3381

0.0434411,   0.999862
0.278066,   1.29973
0.410505,   0.377248
0,   0
0.271171,   2.50363
-2.47195,   5.59485
-4.53492,   9.57568
-18.6843,   3.38551
1.72995,   30.6871
20.961,   33.9148

-0.817059,   0.576745
-0.621829,   0.243874
-0.215039,   0.977246
0,   0
-1.38532,   1.98529
-3.70726,   4.94788
-5.67698,   8.99985
-19.5728,   2.73258
0.685651,   30.2707
19.9637,   33.5736

-0.926577,   -0.376236
-1.29822,   -0.411684
-1.36038,   0.200268
0,   0
-2.13238,   0.544665
-4.17151,   3.74065
-6.06274,   7.88491
-19.7075,   1.54944
0.392295,   29.3233
19.717,   32.702

-0.184385,   -0.983522
-0.0363691,   -0.634894
-0.732332,   -1.45271
0,   0
-1.69065,   -0.80757
-3.76151,   2.85053
-5.59117,   7.10662
-18.9877,   0.71167
0.950621,   28.7205
20.3217,   32.1755

0.727354,   -0.688267
1.00036,   -0.962157
1.22898,   -1.2089
0,   0
-0.657777,   -1.30648
-3.15715,   2.83636
-4.94414,   7.22202
-18.0955,   0.776165
1.67848,   29.019
21.0956,   32.5509

0.972976,   0.237625
0.623125,   0.103576
1.46561,   0.766679
0,   0
0.0964619,   -1.00186
-3.19198,   3.4284
-4.95703,   7.95937
-17.8666,   1.47105
1.74021,   29.947
21.2031,   33.5564

0.327768,   0.945861
0.378944,   1.31917
-0.228225,   1.40538
0,   0
0.20458,   -0.569068
-4.0888,   3.78069
-5.85429,   8.47063
-18.5257,   1.94808
0.911111,   30.6562
20.4195,   34.3437

-0.617646,   0.786797
-0.284574,   0.589669
-1.0414,   0.202765
0,   0
0.0469034,   -0.582288
-5.25527,   3.24606
-7.04502,   8.10639
-19.4821,   1.55764
-0.218182,   30.497
19.3353,   34.263

-0.995473,   -0.0948749
-1.29855,   -0.317969
-0.386685,   -0.485102
0,   0
0.272798,   -0.938684
-5.82209,   1.97184
-7.66116,   7.01157
-19.8681,   0.444462
-0.779871,   29.614
18.8184,   33.4592

-0.458165,   -0.889365
-0.507437,   -0.517564
-0.101835,   -0.260624
0,   0
1.06342,   -0.974665
-5.44037,   0.770522
-7.35493,   5.9962
-19.3362,   -0.581626
-0.426405,   28.817
19.2164,   32.742

0.500123,   -0.86732
0.871696,   -0.974931
-0.147525,   -0.549972
0,   0
1.8551,   -0.170571
-4.60328,   0.374271
-6.62022,   5.78988
-18.3804,   -0.791243
0.348071,   28.8354
20.035,   32.8407

1.0003,   -0.0502262
0.765317,   -0.346628
0.723854,   -0.716993
0,   0
1.8145,   1.23609
-4.18905,   0.764499
-6.33589,   6.37138
-17.8799,   -0.205835
0.664479,   29.6477
20.3953,   33.7339

0.584588,   0.812868
0.438397,   1.1567
1.26728,   0.574267
0,   0
0.632733,   2.33258
-4.65489,   1.19511
-6.95947,   6.99192
-18.2924,   0.425593
0.0650579,   30.5048
19.8393,   34.6725

-0.366589,   0.930932
0.0194012,   0.919804
-0.166021,   1.62498
0,   0
-1.09774,   2.26184
-5.62006,   0.878067
-8.11035,   6.86075
-19.2375,   0.312048
-1.06978,   30.6158
18.7476,   34.8655

-0.980929,   0.194449
-1.13151,   -0.154706
-1.68463,   0.352138
0,   0
-2.28739,   0.965501
-6.21214,   -0.293158
-8.91601,   5.86861
-19.843,   -0.655954
-1.86771,   29.8712
17.9924,   34.2033

-0.69358,   -0.720707
-0.926176,   -0.429577
-0.807452,   -1.43372
0,   0
-2.21002,   -0.725064
-5.86645,   -1.63969
-8.81141,   4.69166
-19.5439,   -1.8025
-1.76389,   28.9467
18.1387,   33.362

0.231129,   -0.973913
0.60638,   -0.887836
0.950568,   -1.04786
0,   0
-1.07083,   -1.75246
-4.84771,   -2.31793
-8.06069,   4.17083
-18.6046,   -2.28693
-1.02263,   28.683
18.922,   33.182

0.944201,   -0.333948
0.888277,   -0.712015
0.978061,   0.387454
0,   0
0.220816,   -1.66904
-4.00557,   -2.09372
-7.51264,   4.53762
-17.8741,   -1.87799
-0.492927,   29.3113
19.4934,   33.8946

0.792693,   0.611934
0.490566,   0.829241
0.071649,   0.601268
0,   0
0.849703,   -0.907469
-3.99386,   -1.55145
-7.82003,   5.20507
-18.0054,   -1.16289
-0.827711,   30.2445
19.2,   34.9125

-0.0847656,   0.997153
0.255071,   1.17479
-0.0297732,   0.276946
0,   0
0.736945,   -0.284429
-4.67509,   -1.55491
-8.84406,   5.30695
-18.8597,   -1.00818
-1.88834,   30.6159
18.1803,   35.3693

-0.884115,   0.467467
-0.841607,   0.0858981
-0.167087,   0.562193
0,   0
0.474931,   -0.221451
-5.2465,   -2.45564
-9.7805,   4.48932
-19.6332,   -1.76805
-2.87077,   30.0712
17.2385,   34.9105

-0.870844,   -0.4917
-1.22051,   -0.364052
-1.00543,   0.217589
0,   0
0.65027,   -0.397647
-4.97515,   -3.76566
-9.89466,   3.23788
-19.5912,   -2.95705
-3.04047,   29.096
17.109,   34.0217

-0.0571169,   -0.999092
0.224677,   -0.741707
-0.755831,   -1.17746
0,   0
1.20629,   -0.148028
-3.87496,   -4.60127
-9.19864,   2.4342
-18.7459,   -3.6939
-2.4096,   28.5714
17.7796,   33.5841

0.809353,   -0.589769
0.947471,   -0.94953
1.03021,   -1.27773
0,   0
1.46601,   0.783073
-2.69563,   -4.49525
-8.44002,   2.54356
-17.845,   -3.51361
-1.72587,   28.9624
18.5028,   34.0627

0.934649,   0.359894
0.562892,   0.388594
1.61015,   0.618185
0,   0
0.802705,   1.87404
-2.2332,   -3.82184
-8.41262,   3.18991
-17.6826,   -2.79251
-1.78319,   29.8926
18.4845,   35.081

0.204177,   0.97992
0.408902,   1.29968
-0.0915947,   1.63824
0,   0
-0.679518,   2.21426
-2.6046,   -3.44911
-9.23092,   3.5036
-18.3731,   -2.40056
-2.69615,   30.4921
17.6101,   35.7691

-0.713198,   0.701301
-0.48853,   0.386939
-1.35122,   0.365002
0,   0
-2.10192,   1.31144
-3.14341,   -3.94431
-10.226,   2.91596
-19.2477,   -2.90672
-3.79588,   30.1919
16.5486,   35.5581

-0.975183,   -0.221438
-1.34211,   -0.293771
-0.600607,   -0.839573
0,   0
-2.48045,   -0.406121
-3.00996,   -5.05138
-10.5554,   1.68186
-19.4641,   -4.05643
-4.24008,   29.2464
16.1422,   34.7023

-0.340727,   -0.940694
-0.227124,   -0.580491
0.256407,   -0.532952
0,   0
-1.54125,   -1.86853
-1.96594,   -5.92137
-9.97806,   0.649229
-18.7814,   -5.00206
-3.7877,   28.5033
16.6319,   34.0495

0.606839,   -0.796421
0.90344,   -1.04493
0.166084,   -0.225194
0,   0
0.0466378,   -2.20819
-0.597502,   -5.89318
-9.07727,   0.478435
-17.7828,   -5.08352
-3.02207,   28.6227
17.4345,   34.2596

0.998552,   0.077793
0.662796,   -0.0903733
0.456228,   -0.397945
0,   0
1.2349,   -1.42461
0.223472,   -5.09957
-8.72192,   1.03624
-17.3372,   -4.43438
-2.81213,   29.4708
17.681,   35.1991

0.475997,   0.880756
0.490567,   1.2563
0.983761,   0.366118
0,   0
1.44343,   -0.295201
0.135588,   -4.3411
-9.27039,   1.5218
-17.8033,   -3.85577
-3.51631,   30.2467
17.0129,   36.0668

-0.482586,   0.876317
-0.133266,   0.709756
0.00363234,   1.41121
0,   0
0.948393,   0.352156
-0.385947,   -4.35358
-10.2444,   1.19931
-18.7026,   -4.08383
-4.65636,   30.214
15.9085,   36.1265

-0.997762,   0.0673085
-1.27855,   -0.184771
-1.55929,   0.520076
0,   0
0.501815,   0.339654
-0.464755,   -5.13407
-10.7646,   0.0719264
-19.1558,   -5.11568
-5.35284,   29.3757
15.2473,   35.3811

-0.595801,   -0.803548
-0.681307,   -0.43921
-1.01259,   -1.39263
0,   0
0.5586,   0.190129
0.369845,   -5.94001
-10.3571,   -1.11728
-18.6891,   -6.20858
-5.13201,   28.4744
15.5029,   34.5733

0.353597,   -0.936526
0.733014,   -1.01035
0.966954,   -1.31953
0,   0
0.843789,   0.50375
1.74512,   -5.97207
-9.39169,   -1.56823
-17.6723,   -6.56276
-4.36358,   28.31
16.3056,   34.5028

0.979107,   -0.210806
0.77292,   -0.529181
1.32789,   0.422103
0,   0
0.669276,   1.27661
2.78673,   -5.1101
-8.73972,   -1.15978
-16.9768,   -6.05737
-3.91887,   29.0031
16.7842,   35.2904

0.708101,   0.708006
0.528639,   1.03503
0.0566795,   1.01748
0,   0
-0.315356,   1.8285
2.91914,   -4.02062
-8.97383,   -0.557192
-17.1751,   -5.35799
-4.37048,   29.8882
16.366,   36.2705

-0.211468,   0.978024
0.173387,   1.00175
-0.479859,   0.307942
0,   0
-1.66258,   1.41868
2.38744,   -3.54672
-9.8461,   -0.602005
-18.0193,   -5.30647
-5.47048,   30.1235
15.299,   36.6012

-0.936646,   0.350488
-1.05405,   -0.012284
-0.251126,   0.12002
0,   0
-2.40927,   -0.0119753
2.03183,   -3.9385
-10.5136,   -1.54264
-18.6665,   -6.15154
-6.37589,   29.46
14.4261,   36.0339

-0.800906,   -0.599069
-1.06135,   -0.333013
-0.608531,   0.0973063
0,   0
-1.88291,   -1.66324
2.51621,   -4.62206
-10.31,   -2.80324
-18.4501,   -7.31762
-6.4202,   28.4735
14.4138,   35.1439

0.0708852,   -0.998303
0.435972,   -0.878574
-0.634606,   -0.84898
0,   0
-0.318208,   -2.46702
3.71323,   -4.7269
-9.36007,   -3.51111
-17.4951,   -7.93236
-5.72826,   28.0362
15.1372,   34.8037

0.877974,   -0.481723
0.857294,   -0.864311
0.77264,   -1.19604
0,   0
1.29026,   -1.94617
4.81982,   -3.8896
-8.46473,   -3.30044
-16.6022,   -7.63023
-5.10082,   28.5137
15.7958,   35.3787

0.881027,   0.476197
0.55856,   0.661927
1.60133,   0.410814
0,   0
1.98051,   -0.577779
5.09452,   -2.58685
-8.36339,   -2.64537
-16.5107,   -6.88567
-5.2772,   29.4314
15.6499,   36.3944

0.0773079,   0.997884
0.39847,   1.20568
0.102706,   1.71966
0,   0
1.56011,   0.645817
4.53263,   -1.69866
-9.05889,   -2.42316
-17.2235,   -6.57623
-6.26015,   29.9117
14.6971,   36.9733

-0.796997,   0.604267
-0.719585,   0.227392
-1.51785,   0.585125
0,   0
0.659974,   1.05127
3.86861,   -1.70668
-9.81515,   -3.11255
-18.0043,   -7.18095
-7.31346,   29.4757
13.6734,   36.6364

-0.938871,   -0.344413
-1.29987,   -0.252539
-0.87536,   -1.0639
0,   0
0.0902017,   0.778251
3.90392,   -2.25338
-9.8293,   -4.35298
-18.0502,   -8.33955
-7.63412,   28.4834
13.3818,   35.7437

-0.217759,   -0.976629
0.0379247,   -0.694695
0.498086,   -0.873386
0,   0
0.0989292,   0.511161
4.76787,   -2.47007
-8.97098,   -5.27262
-17.2305,   -9.18048
-7.09157,   27.8066
13.9529,   35.1669

0.703537,   -0.712527
0.87395,   -1.05884
0.560543,   -0.00487041
0,   0
0.2201,   0.727517
5.79662,   -1.77985
-7.90308,   -5.29129
-16.2082,   -9.12387
-6.3486,   28.025
14.724,   35.4859

0.980445,   0.204532
0.607142,   0.195863
0.283853,   0.0179242
0,   0
-0.168314,   1.1957
6.14484,   -0.429096
-7.47031,   -4.65203
-15.8277,   -8.41305
-6.24978,   28.8952
14.8504,   36.4571

0.359614,   0.934243
0.532406,   1.27112
0.588465,   0.248867
0,   0
-1.13333,   1.19959
5.55865,   0.738809
-7.92617,   -4.19487
-16.3426,   -7.88828
-7.04844,   29.577
14.0787,   37.2405

