0,   0
0.387032,   0
0.723262,   0
1,   0
1.52406,   0
5.20388,   0
9.57219,   0
19.1644,   0
30.1805,   0
39.4813,   0

0.000311347,   5.98397e-05
-0.050402,   -0.375025
0.703807,   0.167844
-0.658362,   -0.754026
-0.804625,   1.2873
4.91137,   1.72595
9.48446,   1.29855
19.1427,   0.912747
30.1717,   0.725032
39.4762,   0.63108

0.00119406,   0.000305163
-0.347522,   0.13142
0.646486,   0.326683
-0.137054,   0.991566
-0.645019,   -1.37377
4.06737,   3.25804
9.22331,   2.5735
19.0772,   1.82343
30.1453,   1.44964
39.4608,   1.262

0.00256025,   0.000920912
0.204164,   0.32685
0.55446,   0.467963
0.838787,   -0.547639
1.51598,   0.180975
2.76785,   4.42518
8.79373,   3.80168
18.9683,   2.72998
30.1014,   2.17341
39.435,   1.89259

0.00427943,   0.00202272
0.306569,   -0.237233
0.432561,   0.584282
-0.959962,   -0.268623
-0.948123,   1.18388
1.15974,   5.09863
8.20396,   4.96077
18.8162,   3.63033
30.0398,   2.89592
39.399,   2.52269

0.00615614,   0.00368923
-0.272343,   -0.246182
0.287351,   0.669322
0.433483,   0.908275
-0.472452,   -1.43782
-0.576766,   5.20607
7.46516,   6.02983
18.6213,   4.52244
29.9608,   3.61675
39.3528,   3.15213

0.00801661,   0.00594358
-0.171259,   0.336018
0.126717,   0.718468
0.406616,   -0.91165
1.48945,   0.363579
-2.24895,   4.73864
6.59092,   6.98972
18.3838,   5.40428
29.8642,   4.33548
39.2962,   3.78076

0.00968237,   0.00872287
0.373723,   0.138366
-0.0405924,   0.729059
-0.94552,   0.309658
-1.0764,   1.06846
-3.67298,   3.75072
5.5975,   7.82337
18.1045,   6.27383
29.7503,   5.05168
39.2294,   4.40841

0.0109843,   0.0119386
0.0949426,   -0.360246
-0.205373,   0.700578
0.864014,   0.53392
-0.293117,   -1.4768
-4.69361,   2.35276
4.50324,   8.51633
17.7839,   7.12911
29.619,   5.76495
39.1524,   5.03491

0.0118294,   0.0154467
-0.360292,   0.0102749
-0.358854,   0.634553
-0.157703,   -0.970993
1.44047,   0.545331
-5.20007,   0.698989
3.32827,   9.05619
17.4228,   7.96816
29.4704,   6.47486
39.0652,   5.66011

0.0121507,   0.0190638
0.0883485,   0.391711
-0.492509,   0.534559
-0.622543,   0.793471
-1.19222,   0.941787
-5.13755,   -1.02939
2.09386,   9.43426
17.0218,   8.78906
29.3046,   7.18101
38.9678,   6.28384

0.0119409,   0.0226297
0.378313,   -0.101443
-0.598907,   0.406105
1.01141,   -0.0089655
-0.113159,   -1.49217
-4.51249,   -2.64317
0.822317,   9.64449
16.582,   9.58995
29.1216,   7.88297
38.8602,   6.90593

0.011275,   0.025965
-0.160392,   -0.309344
-0.672072,   0.256319
-0.670927,   -0.706956
1.36732,   0.720509
-3.39215,   -3.96498
-0.463653,   9.6839
16.1044,   10.369
28.9217,   8.58035
38.7425,   7.52624

0.0102468,   0.0289248
-0.274183,   0.27085
-0.707913,   0.093576
-0.0967035,   1.02399
-1.29528,   0.801394
-1.89795,   -4.84821
-1.74125,   9.55256
15.5899,   11.1243
28.7049,   9.27272
38.6147,   8.14458

0.0090089,   0.0314312
0.306659,   0.275187
-0.704427,   -0.0732839
0.827387,   -0.543495
0.0644606,   -1.4879
-0.193311,   -5.19305
-2.98803,   9.25357
15.0398,   11.8543
28.4713,   9.9597
38.4768,   8.76081

0.00774522,   0.0334257
0.215622,   -0.28972
-0.66164,   -0.234892
-0.964588,   -0.206693
1.27228,   0.883091
1.53361,   -4.95844
-4.18231,   8.79289
14.4552,   12.5572
28.221,   10.6409
38.3288,   9.37477

0.006617,   0.0349329
-0.338898,   -0.105729
-0.581805,   -0.382218
0.462467,   0.925446
-1.38127,   0.646354
3.09033,   -4.16761
-5.30339,   8.17962
13.8376,   13.2315
27.9542,   11.3158
38.1708,   9.98628

0.00579695,   0.0360428
-0.0531079,   0.408738
-0.469251,   -0.506939
0.374975,   -0.893828
0.240932,   -1.46655
4.30188,   -2.90655
-6.33213,   7.42458
13.1883,   13.8755
27.6711,   11.9842
38.0029,   10.5952

0.00541171,   0.036865
0.392314,   0.0424964
-0.330208,   -0.601994
-0.939717,   0.367987
1.16053,   1.02984
5.03117,   -1.31527
-7.25108,   6.54144
12.5087,   14.4877
27.3718,   12.6456
37.825,   11.2014

0.00552369,   0.0375801
-0.0374753,   -0.339677
-0.172129,   -0.66211
0.874883,   0.531942
-1.44505,   0.479657
5.19545,   0.428003
-8.04471,   5.54593
11.8005,   15.0668
27.0564,   13.2995
37.6372,   11.8046

0.00616199,   0.0383708
-0.345636,   0.160045
-0.00371745,   -0.683718
-0.19472,   -0.942194
0.417758,   -1.42621
4.77632,   2.12743
-8.69989,   4.45555
11.0651,   15.6113
26.7252,   13.9458
37.4396,   12.4048

0.00726858,   0.0393974
0.202576,   0.367888
0.165718,   -0.665427
-0.602284,   0.833722
1.03675,   1.16153
3.82191,   3.59251
-9.20521,   3.2894
10.3044,   16.12
26.3784,   14.5838
37.2321,   13.0017

0.00873429,   0.04083
0.31507,   -0.194269
0.326778,   -0.608069
1.00669,   -0.0228536
-1.48419,   0.307109
2.44062,   4.66023
-9.55247,   2.06749
9.5199,   16.5917
26.016,   15.2133
37.015,   13.5953

0.0104222,   0.0427655
-0.26254,   -0.214464
0.470552,   -0.51471
-0.694929,   -0.667899
0.592433,   -1.36313
0.788264,   5.21332
-9.736,   0.810932
8.71352,   17.0252
25.6384,   15.834
36.7881,   14.1853

0.0121403,   0.0452449
-0.174522,   0.370076
0.589276,   -0.39026
-0.0627012,   1.04326
0.901722,   1.28088
-0.950537,   5.1931
-9.75277,   -0.458708
7.88705,   17.4196
25.2457,   16.4453
36.5516,   14.7716

0.0137111,   0.0482778
0.375275,   0.183107
0.676311,   -0.241426
0.813209,   -0.552606
-1.50031,   0.134736
-2.58327,   4.60469
-9.60253,   -1.71965
7.04239,   17.7739
24.8382,   17.047
36.3056,   15.354

0.0149707,   0.0517762
0.106002,   -0.319899
0.726786,   -0.07628
-0.964582,   -0.156988
0.758979,   -1.27599
-3.93072,   3.51545
-9.28777,   -2.95023
6.18147,   18.0872
24.4161,   17.6388
36.05,   15.9324

0.015765,   0.0556211
-0.356278,   0.0404089
0.737879,   0.0961795
0.499964,   0.931011
0.752853,   1.3874
-4.84605,   2.04665
-8.81375,   -4.12931
5.30628,   18.3588
23.9796,   18.2201
35.7849,   16.5067

0.0160156,   0.0596659
0.0843966,   0.432606
0.708994,   0.266478
0.35504,   -0.881629
-1.49745,   -0.0347753
-5.22974,   0.360048
-8.18871,   -5.23642
4.41883,   18.5881
23.529,   18.7908
35.5104,   17.0767

0.0156821,   0.0637094
0.383993,   -0.0551278
0.641685,   0.425589
-0.918328,   0.425161
0.911527,   -1.16739
-5.04015,   -1.35948
-7.42257,   -6.25231
3.52115,   18.7744
23.0645,   19.3505
35.2267,   17.6422

0.014777,   0.0675785
-0.149792,   -0.272546
0.53961,   0.564772
0.899607,   0.533613
0.589186,   1.47659
-4.29746,   -2.92335
-6.52822,   -7.15913
2.61534,   18.9173
22.5865,   19.8987
34.9336,   18.203

0.0133987,   0.0711073
-0.276788,   0.305144
0.408358,   0.6764
-0.219099,   -0.902494
-1.47818,   -0.202772
-3.08189,   -4.15924
-5.52072,   -7.94076
1.70347,   19.0164
22.0951,   20.4353
34.6314,   18.7592

0.0116651,   0.0741452
0.304522,   0.322212
0.255152,   0.754402
-0.571918,   0.88768
1.04696,   -1.04284
-1.52584,   -4.92961
-4.41702,   -8.58328
0.787674,   19.0714
21.5907,   20.9598
34.3201,   19.3103

0.00974347,   0.0766221
0.223356,   -0.243804
0.0885195,   0.794557
1.0051,   -0.0194101
0.413836,   1.54311
0.199865,   -5.14706
-3.23607,   -9.07456
-0.129938,   19.0821
21.0735,   21.472
33.9997,   19.8565

0.00783701,   0.0785032
-0.334526,   -0.071358
-0.0825082,   0.794816
-0.720232,   -0.60898
-1.44066,   -0.37098
1.90423,   -4.78489
-1.99807,   -9.40563
-1.04723,   19.0486
20.5438,   21.9715
33.6704,   20.3974

0.00611399,   0.0798151
-0.0611346,   0.449952
-0.248397,   0.755225
-0.0363031,   1.0797
1.16613,   -0.907397
3.39709,   -3.881
-0.724655,   -9.57004
-1.96205,   18.9707
20.002,   22.4581
33.3322,   20.933

0.00475019,   0.0806675
0.391251,   0.0919854
-0.399947,   0.678049
0.784307,   -0.545949
0.232815,   1.58434
4.51071,   -2.5344
0.561797,   -9.56409
-2.87227,   18.8488
19.4483,   22.9314
32.9852,   21.463

0.00387954,   0.0811892
-0.0315884,   -0.298051
-0.528729,   0.567697
-0.981893,   -0.0956631
-1.38098,   -0.537209
5.11923,   -0.894821
1.83846,   -9.38704
-3.77576,   18.6829
18.8831,   23.3911
32.6295,   21.9874

0.00355489,   0.0815583
-0.351336,   0.193493
-0.627584,   0.430517
0.51605,   0.940666
1.27203,   -0.762321
5.1537,   0.85421
3.08249,   -9.04119
-4.67039,   18.4735
18.3067,   23.837
32.2652,   22.5061

0.00380364,   0.0819735
0.192146,   0.41318
-0.691218,   0.274122
0.31198,   -0.869923
0.0523222,   1.60169
4.61028,   2.51653
4.27146,   -8.5319
-5.55407,   18.221
17.7195,   24.2688
31.8924,   23.0188

0.00456993,   0.0825993
0.314894,   -0.148009
-0.716099,   0.107354
-0.917161,   0.474256
-1.29735,   -0.695729
3.55075,   3.9061
5.38358,   -7.86782
-6.42469,   17.9259
17.1216,   24.6862
31.5111,   23.5255

0.00573165,   0.0835974
-0.261528,   -0.181007
-0.70087,   -0.0604216
0.905329,   0.520534
1.365,   -0.605032
2.09481,   4.86843
6.39855,   -7.05997
-7.28022,   17.589
16.5137,   25.0889
31.1215,   24.0259

0.00715847,   0.0850728
-0.187381,   0.404259
-0.646474,   -0.219744
-0.256944,   -0.880402
-0.124471,   1.59932
0.406112,   5.29781
7.29756,   -6.12249
-8.1186,   17.2109
15.8958,   25.4768
30.7237,   24.52

0.00866224,   0.0870623
0.367349,   0.227436
-0.556071,   -0.361688
-0.548065,   0.919186
-1.19202,   -0.840492
-1.32697,   5.14895
8.06389,   -5.07196
-8.93786,   16.7926
15.2685,   25.8495
30.3177,   25.0077

0.0100601,   0.0895685
0.108052,   -0.281414
-0.434744,   -0.478516
1.00175,   -0.0389307
1.44097,   -0.434292
-2.91258,   4.4408
8.68314,   -3.9272
-9.73605,   16.3349
14.6321,   26.2069
29.9036,   25.4887

0.0112071,   0.0925114
-0.360679,   0.0671454
-0.289248,   -0.563736
-0.738903,   -0.57087
-0.298686,   1.58011
-4.17654,   3.25359
9.14348,   -2.70897
-10.5113,   15.8389
13.9869,   26.5486
29.4816,   25.963

0.0119548,   0.0957682
0.0719259,   0.468936
-0.127624,   -0.612624
0.00215556,   1.09653
-1.07024,   -0.968185
-4.9809,   1.71935
9.43639,   -1.43937
-11.2616,   15.3058
13.3334,   26.8745
29.0518,   26.4304

0.0122279,   0.0991983
0.382297,   -0.0140871
0.0411419,   -0.622484
0.77083,   -0.552603
1.49488,   -0.252865
-5.23819,   0.00720628
9.55631,   -0.1416
-11.9854,   14.7367
12.6719,   27.1844
28.6143,   26.8908

0.0120109,   0.102613
-0.14542,   -0.242187
0.207748,   -0.592843
-0.979037,   -0.0419325
-0.471925,   1.54256
-4.92058,   -1.69486
9.50094,   1.16058
-12.6809,   14.133
12.0029,   27.4781
28.1691,   27.3441

0.0113166,   0.105848
-0.284898,   0.331511
0.363242,   -0.525387
0.551707,   0.947657
-0.937031,   -1.07932
-4.06256,   -3.19993
9.27135,   2.44333
-13.3463,   13.4962
11.3266,   27.7553
27.7165,   27.7901

0.0102474,   0.108758
0.297684,   0.36152
0.49917,   -0.423791
0.28703,   -0.852775
1.52422,   -0.0665555
-2.75728,   -4.34199
8.87186,   3.68317
-13.9801,   12.8276
10.6435,   28.0159
27.2564,   28.2288

0.0089371,   0.111211
0.228339,   -0.206162
0.608164,   -0.293544
-0.899495,   0.532842
-0.641978,   1.48316
-1.14731,   -4.99384
8.31009,   4.85753
-14.5808,   12.129
9.95405,   28.2598
26.7891,   28.6599

0.00753756,   0.113159
-0.331448,   -0.0461512
0.68436,   -0.141708
0.921037,   0.520154
-0.793706,   -1.1765
0.590347,   -5.08133
7.59681,   5.94508
-15.1469,   11.4018
9.2586,   28.4866
26.3146,   29.0834

0.00624631,   0.114591
-0.0701765,   0.481881
0.723716,   0.0234231
-0.289526,   -0.841719
1.53045,   0.118802
2.26321,   -4.59227
6.74508,   6.92633
-15.6771,   10.6478
8.55757,   28.6964
25.8331,   29.4992

0.00522735,   0.115551
0.391037,   0.133154
0.724292,   0.193098
-0.52363,   0.965632
-0.803272,   1.40042
3.68447,   -3.57882
5.77091,   7.78382
-16.17,   9.86884
7.85139,   28.889
25.3447,   29.9071

0.0046236,   0.116167
-0.0231823,   -0.26488
0.686139,   0.35818
0.991541,   -0.0451562
-0.638056,   -1.25985
4.69429,   -2.15228
4.69239,   8.50264
-16.6245,   9.0667
7.14047,   29.0641
24.8495,   30.307

0.00455336,   0.116583
-0.353464,   0.218407
0.61133,   0.509901
-0.76711,   -0.521632
1.51758,   0.300242
5.17832,   -0.471485
3.52945,   9.07002
-17.0395,   8.24328
6.42524,   29.2218
24.3476,   30.6988

0.00504757,   0.116977
0.185788,   0.451032
0.503985,   0.640127
0.0285663,   1.11747
-0.94985,   1.29681
5.0816,   1.27535
2.30331,   9.47664
-17.4139,   7.40054
5.70613,   29.3619
23.8392,   31.0825

0.0060951,   0.117556
0.320265,   -0.108302
0.369994,   0.74193
0.742613,   -0.559163
-0.469106,   -1.32516
4.41503,   2.89224
1.03621,   9.71604
-17.7469,   6.54048
4.98357,   29.4842
23.3244,   31.4578

0.00762488,   0.118473
-0.253947,   -0.153311
0.216611,   0.810031
-0.987709,   0.0071304
1.48846,   0.478956
3.25414,   4.19821
-0.249065,   9.78475
-18.0376,   5.66515
4.25798,   29.5887
22.8033,   31.8247

0.00948962,   0.119875
-0.193157,   0.433152
0.0521502,   0.84085
0.5777,   0.943169
-1.0786,   1.17776
1.73009,   5.04814
-1.52963,   9.68236
-18.2854,   4.77662
3.52982,   29.6753
22.2761,   32.183

0.0115324,   0.121859
0.366996,   0.267988
-0.114528,   0.832758
0.256047,   -0.848393
-0.289813,   -1.3673
0.0141033,   5.34901
-2.78287,   9.41143
-18.4896,   3.87703
2.79952,   29.744
21.7429,   32.5327

0.0135621,   0.124434
0.118265,   -0.24568
-0.274301,   0.786286
-0.880259,   0.576168
1.44147,   0.656908
-1.70242,   5.0699
-3.98686,   8.97738
-18.6498,   2.96852
2.06751,   29.7946
21.2038,   32.8737

0.0153816,   0.127581
-0.356261,   0.0921325
-0.418425,   0.704085
0.941959,   0.503817
-1.19042,   1.04848
-3.22955,   4.24447
-5.12078,   8.38873
-18.7656,   2.05325
1.33425,   29.8271
20.6589,   33.2058

0.0168408,   0.131207
0.0680161,   0.504519
-0.539153,   0.590726
-0.310927,   -0.814654
-0.106348,   -1.38372
-4.39973,   2.96604
-6.16522,   7.65598
-18.8366,   1.13343
0.600184,   29.8416
20.1085,   33.529

0.0178019,   0.135158
0.389375,   0.0275474
-0.629845,   0.452506
-0.482321,   1.00248
1.37278,   0.831907
-5.0856,   1.37675
-7.10254,   6.79236
-18.8627,   0.211235
-0.13425,   29.8379
19.5527,   33.8432

0.0181896,   0.139282
-0.132396,   -0.209874
-0.68551,   0.29697
0.999118,   -0.0551676
-1.28827,   0.910333
-5.21302,   -0.348325
-7.91689,   5.81344
-18.8439,   -0.711121
-0.868596,   29.816
18.9916,   34.1482

0.0179988,   0.143382
-0.284128,   0.36069
-0.703045,   0.132717
-0.774694,   -0.468551
0.0750086,   -1.37602
-4.76856,   -2.02
-8.59472,   4.73652
-18.7801,   -1.63144
-1.60241,   29.7759
18.4253,   34.444

0.017256,   0.147273
0.29905,   0.404658
-0.681458,   -0.0310994
0.0743729,   1.14637
1.28067,   0.998337
-3.80059,   -3.4549
-9.12427,   3.58057
-18.6715,   -2.54753
-2.33523,   29.7177
17.854,   34.7305

0.0160688,   0.150815
0.240737,   -0.163547
-0.621952,   -0.185483
0.729267,   -0.550486
-1.37265,   0.76095
-2.41414,   -4.4948
-9.49669,   2.36547
-18.5184,   -3.45721
-3.06661,   29.6414
17.2779,   35.0076

0.0145839,   0.153875
-0.321172,   -0.0142915
-0.52774,   -0.321863
-0.983968,   0.0760817
0.250936,   -1.34852
-0.760496,   -5.02349
-9.70589,   1.11232
-18.3212,   -4.35829
-3.7961,   29.5469
16.697,   35.2752

0.0129579,   0.156391
-0.0725484,   0.52073
-0.403833,   -0.432689
0.608759,   0.959939
1.16736,   1.15007
0.978603,   -4.98007
-9.74833,   -0.157338
-18.0804,   -5.24864
-4.52326,   29.4344
16.1116,   35.5332

0.0113914,   0.158371
0.396247,   0.182098
-0.256999,   -0.511711
0.22286,   -0.819653
-1.43972,   0.599024
2.6103,   -4.36638
-9.62324,   -1.42166
-17.7964,   -6.12613
-5.24762,   29.3038
15.5218,   35.7816

0.0100534,   0.159853
-0.0106268,   -0.222735
-0.0952805,   -0.554463
-0.86792,   0.641576
0.422339,   -1.30459
3.9519,   -3.24802
-9.33265,   -2.65886
-17.4701,   -6.98865
-5.96874,   29.1553
14.9278,   36.0202

0.00908049,   0.160959
-0.351916,   0.252833
0.0725916,   -0.558532
0.947952,   0.505372
1.03815,   1.28362
4.85187,   -1.748
-8.88135,   -3.84761
-17.1022,   -7.83418
-6.68617,   28.9888
14.3297,   36.2491

0.00859138,   0.161846
0.181384,   0.498725
0.237443,   -0.52353
-0.351022,   -0.772397
-1.48435,   0.427193
5.20763,   -0.0335882
-8.27719,   -4.96727
-16.6936,   -8.66068
-7.39946,   28.8046
13.7277,   36.4681

0.00861282,   0.162677
0.326366,   -0.0583068
0.390353,   -0.451103
-0.461741,   1.0465
0.591249,   -1.24323
4.97834,   1.70279
-7.52979,   -5.99831
-16.2453,   -9.46622
-8.10817,   28.6026
13.1219,   36.6771

0.00912467,   0.16365
-0.246793,   -0.115063
0.522912,   -0.345013
0.98289,   -0.0640191
0.898418,   1.39947
4.1899,   3.2659
-6.65173,   -6.92266
-15.7583,   -10.2489
-8.81186,   28.383
12.5126,   36.8761

0.0100603,   0.164919
-0.200977,   0.471971
0.627824,   -0.210904
-0.802933,   -0.419753
-1.5039,   0.251266
2.93182,   4.48062
-5.65793,   -7.72389
-15.2339,   -11.0068
-9.51007,   28.1459
11.8998,   37.065

0.0112685,   0.166603
0.363055,   0.318924
0.699382,   -0.0559067
0.10236,   1.16316
0.75583,   -1.16099
1.34652,   5.21223
-4.56528,   -8.38767
-14.6732,   -11.7383
-10.2024,   27.8915
11.2837,   37.2438

0.0125959,   0.168789
0.124053,   -0.200196
0.733612,   0.111662
0.701603,   -0.556266
0.749928,   1.50049
-0.387791,   5.38137
-3.39263,   -8.90152
-14.0778,   -12.4415
-10.8883,   27.6199
10.6645,   37.4123

0.0138699,   0.171476
-0.357404,   0.125762
0.728493,   0.282933
-0.98678,   0.127574
-1.49973,   0.0773338
-2.07785,   4.97219
-2.16012,   -9.25585
-13.449,   -13.1148
-11.5675,   27.3312
10.0424,   37.5707

0.0148996,   0.174619
0.0565606,   0.548016
0.684166,   0.448601
0.637527,   0.957528
0.910647,   -1.05642
-3.53714,   4.03305
-0.88931,   -9.44378
-12.7882,   -13.7567
-12.2395,   27.0255
9.41748,   37.7186

0.0155577,   0.178125
0.388495,   0.0767003
0.602985,   0.599637
0.193725,   -0.806522
0.590548,   1.58717
-4.60613,   2.66969
0.397485,   -9.46121
-12.0972,   -14.3657
-12.9038,   26.7032
8.78998,   37.8562

0.0157355,   0.181834
-0.127833,   -0.17154
0.48931,   0.727927
-0.845405,   0.693086
-1.47598,   -0.0913328
-5.16887,   1.0333
1.67742,   -9.30702
-11.3776,   -14.9403
-13.5601,   26.3642
8.16006,   37.9834

0.0153695,   0.185588
-0.292915,   0.394032
0.349341,   0.826447
0.965364,   0.497896
1.04991,   -0.931962
-5.1648,   -0.696231
2.92757,   -8.98318
-10.6311,   -15.4792
-14.2079,   26.009
7.52787,   38.1001

0.014487,   0.189204
0.289894,   0.451704
0.190535,   0.889856
-0.37673,   -0.732323
0.419175,   1.65569
-4.59465,   -2.32942
4.12538,   -8.49472
-9.85949,   -15.9812
-14.8468,   25.6376
6.8936,   38.2063

0.0131395,   0.192504
0.243283,   -0.118362
0.0216166,   0.914629
-0.426975,   1.09172
-1.43578,   -0.255675
-3.52019,   -3.68698
5.24896,   -7.84995
-9.0646,   -16.445
-15.4765,   25.2502
6.25742,   38.3019

0.0114422,   0.195364
-0.320823,   0.0181028
-0.148088,   0.899404
0.976869,   -0.0654208
1.17061,   -0.792951
-2.05804,   -4.61882
6.27774,   -7.05973
-8.24834,   -16.8697
-16.0964,   24.8472
5.6195,   38.3869

0.00956897,   0.197676
-0.0858125,   0.558745
-0.30925,   0.845083
-0.822894,   -0.359002
0.238602,   1.70108
-0.367963,   -5.02012
7.19271,   -6.13789
-7.41263,   -17.2542
-16.7062,   24.4287
4.98002,   38.4613

0.00768399,   0.199399
0.391269,   0.229988
-0.452878,   0.754757
0.132688,   1.19222
-1.37797,   -0.417739
1.36383,   -4.84372
7.97683,   -5.10081
-6.55946,   -17.5978
-17.3055,   23.995
4.33915,   38.525

0.00598334,   0.200567
-0.00734543,   -0.183353
-0.571097,   0.63333
0.669867,   -0.547662
1.27357,   -0.644626
2.94464,   -4.10618
8.61538,   -3.96712
-5.69086,   -17.8995
-17.894,   23.5463
3.69707,   38.5781

0.00464787,   0.201245
-0.359323,   0.282777
-0.657249,   0.487628
-0.996866,   0.191375
0.0548907,   1.72081
4.19685,   -2.88712
9.09612,   -2.75744
-4.80888,   -18.1589
-18.4712,   23.0829
3.05396,   38.6204

0.00379775,   0.201576
0.167864,   0.541468
-0.706506,   0.325862
0.652825,   0.962725
-1.29893,   -0.575654
4.97861,   -1.32146
9.41005,   -1.49368
-3.91561,   -18.3752
-19.0367,   22.6052
2.41,   38.6519

0.00353508,   0.20174
0.324896,   -0.0138159
-0.716174,   0.157117
0.148006,   -0.788449
1.36188,   -0.488741
5.20075,   0.41552
9.55112,   -0.198894
-3.01314,   -18.5481
-19.5903,   22.1133
1.76537,   38.6727

0.00388262,   0.201914
-0.246133,   -0.0837161
-0.685743,   -0.00907198
-0.839285,   0.742239
-0.12571,   1.71642
4.83793,   2.1284
9.51663,   1.10333
-2.10361,   -18.6771
-20.1315,   21.6076
1.12024,   38.6827

0.00478909,   0.202303
-0.215119,   0.50266
-0.616843,   -0.163535
0.96495,   0.481979
-1.19688,   -0.723804
3.93171,   3.62466
9.30731,   2.38918
-1.18914,   -18.7621
-20.66,   21.0884
0.474795,   38.6819

0.00617187,   0.203071
0.353712,   0.362236
-0.51331,   -0.297541
-0.416163,   -0.704578
1.43652,   -0.322958
2.58522,   4.73724
8.9272,   3.63508
-0.271874,   -18.8028
-21.1754,   20.5561
-0.170778,   38.6702

0.00787274,   0.20433
0.126306,   -0.163169
-0.380929,   -0.403575
-0.401316,   1.11802
-0.299726,   1.69241
0.950716,   5.34354
8.38351,   4.81829
0.646048,   -18.7991
-21.6775,   20.0108
-0.816299,   38.6478

0.00971239,   0.206166
-0.36103,   0.1499
-0.227103,   -0.475718
0.965665,   -0.0874243
-1.07417,   -0.855954
-0.788637,   5.37878
7.68676,   5.91716
1.56249,   -18.7513
-22.1658,   19.4531
-1.46159,   38.6145

0.0115157,   0.208572
0.042784,   0.581975
-0.0604498,   -0.509952
-0.839501,   -0.319343
1.49379,   -0.145745
-2.43982,   4.84207
6.84972,   6.91191
2.47533,   -18.6593
-22.6402,   18.8831
-2.10646,   38.5703

0.0130897,   0.211493
0.387283,   0.117008
0.110044,   -0.504344
0.171967,   1.19951
-0.468034,   1.65239
-3.82126,   3.79538
5.88806,   7.78469
3.38244,   -18.5234
-23.1001,   18.3014
-2.75074,   38.5153

0.0142938,   0.214838
-0.121962,   -0.142652
0.274897,   -0.459144
0.652104,   -0.555709
-0.936381,   -0.968561
-4.78228,   2.35561
4.81966,   8.52019
4.28173,   -18.3441
-23.5454,   17.7081
-3.39424,   38.4495

0.015027,   0.218439
-0.299609,   0.417515
0.425003,   -0.376847
-0.986272,   0.242876
1.52864,   0.040417
-5.21842,   0.681579
3.66428,   9.10518
5.17113,   -18.1218
-23.9758,   17.1038
-4.03677,   38.3728

0.0152242,   0.222134
0.283529,   0.490171
0.552176,   -0.262014
0.68998,   0.960487
-0.63279,   1.59569
-5.08238,   -1.04306
2.44307,   9.52993
6.04858,   -17.857
-24.3909,   16.4888
-4.67815,   38.2854

0.0149077,   0.225752
0.250556,   -0.0812382
0.649533,   -0.120964
0.125206,   -0.768861
-0.789159,   -1.06213
-4.38856,   -2.62917
1.17823,   9.78755
6.91208,   -17.5504
-24.7905,   15.8634
-5.3182,   38.1871

0.0141366,   0.229107
-0.31451,   0.0428535
0.711908,   0.038818
-0.810047,   0.798038
1.5383,   0.229807
-3.21175,   -3.90201
-0.107458,   9.87417
7.75963,   -17.2027
-25.1744,   15.2281
-5.95674,   38.078

0.0130194,   0.232082
-0.0925863,   0.58965
0.735913,   0.208624
0.982225,   0.478444
-0.792677,   1.5189
-1.67987,   -4.71994
-1.391,   9.78902
8.5893,   -16.8148
-25.5423,   14.5832
-6.59358,   37.9581

0.0117254,   0.234585
0.393741,   0.272371
0.720329,   0.379252
-0.44164,   -0.65805
-0.634637,   -1.13968
0.0390885,   -4.99006
-2.64967,   9.53438
9.39919,   -16.3876
-25.8939,   13.9292
-7.22853,   37.8275

0.0104163,   0.236569
0.0042306,   -0.148423
0.666143,   0.541441
-0.366942,   1.16378
1.52404,   0.416238
1.75485,   -4.67951
-3.86135,   9.11551
10.1874,   -15.9222
-26.229,   13.2665
-7.86142,   37.6861

0.00927171,   0.238083
-0.357505,   0.309479
0.576458,   0.686477
0.954515,   -0.0884299
-0.942522,   1.42036
3.27568,   -3.82012
-5.00497,   8.54071
10.9523,   -15.4195
-26.5474,   12.5955
-8.49206,   37.5341

0.00846014,   0.2392
0.163621,   0.582002
0.456084,   0.806763
-0.860266,   -0.259108
-0.471055,   -1.20231
4.43026,   -2.50586
-6.06071,   7.82054
11.692,   -14.8808
-26.8489,   11.9167
-9.12028,   37.3713

0.00808396,   0.240053
0.332639,   0.029813
0.311667,   0.895804
0.201071,   1.22194
1.49,   0.59616
5.08772,   -0.883072
-7.01056,   6.9679
12.4048,   -14.3074
-27.1332,   11.2303
-9.74587,   37.1979

0.00822247,   0.240828
-0.236432,   -0.0509838
0.151207,   0.94889
0.619061,   -0.551342
-1.07644,   1.30219
5.17343,   0.866111
-7.83835,   5.99822
13.0892,   -13.7006
-27.4002,   10.537
-10.3687,   37.014

0.00888213,   0.241691
-0.219332,   0.535623
-0.0165043,   0.963346
-0.990925,   0.300821
-0.297103,   -1.24667
4.67793,   2.54499
-8.53025,   4.92869
13.7436,   -13.0619
-27.6498,   9.83708
-10.9885,   36.8194

0.00999007,   0.242821
0.353271,   0.40834
-0.182268,   0.938623
0.709972,   0.957324
1.43979,   0.770235
3.65811,   3.96528
-9.07429,   3.77821
14.3666,   -12.3926
-27.8816,   9.13105
-11.6051,   36.6143

0.0114521,   0.244373
0.135885,   -0.121655
-0.337261,   0.876177
0.0872345,   -0.753482
-1.19111,   1.16974
2.2298,   4.96902
-9.46138,   2.56669
14.9568,   -11.6944
-28.0957,   8.41934
-12.2184,   36.3988

0.0131037,   0.246429
-0.357108,   0.180655
-0.472961,   0.779551
-0.790841,   0.843588
-0.115505,   -1.268
0.554056,   5.4461
-9.68525,   1.31523
15.5127,   -10.9689
-28.2917,   7.70242
-12.8282,   36.1729

0.0147574,   0.249044
0.036173,   0.622282
-0.581951,   0.654219
0.991927,   0.461699
1.3727,   0.940525
-1.1819,   5.3463
-9.74218,   0.0454304
16.0332,   -10.2177
-28.4698,   6.98073
-13.4343,   35.9365

0.0162488,   0.252198
0.391268,   0.164077
-0.658316,   0.507203
-0.46791,   -0.624102
-1.28713,   1.02854
-2.78587,   4.6835
-9.63125,   -1.22079
16.5171,   -9.44263
-28.6296,   6.25473
-14.0365,   35.6899

0.0173933,   0.255801
-0.112525,   -0.105165
-0.697976,   0.34673
-0.327581,   1.19556
0.0678779,   -1.26381
-4.08173,   3.53315
-9.35434,   -2.46154
16.9633,   -8.64539
-28.771,   5.5249
-14.6346,   35.433

0.0180601,   0.259741
-0.302361,   0.450113
-0.698815,   0.18149
0.951364,   -0.0994556
1.28525,   1.10552
-4.92812,   2.02323
-8.91609,   -3.65538
17.3709,   -7.82784
-28.8941,   4.7917
-15.2285,   35.1659

0.0181774,   0.263843
0.279434,   0.537076
-0.660782,   0.0206732
-0.867343,   -0.204023
-1.36765,   0.880484
-5.2329,   0.320107
-8.32419,   -4.78153
17.7388,   -6.99183
-28.9987,   4.05561
-15.818,   34.8887

0.0176957,   0.267922
0.258286,   -0.0352374
-0.586009,   -0.12681
0.244535,   1.2425
0.246938,   -1.23573
-4.96284,   -1.38927
-7.58816,   -5.82029
18.0664,   -6.13929
-29.0847,   3.31708
-16.4029,   34.6015

0.0166587,   0.271805
-0.308506,   0.0771898
-0.478673,   -0.252757
0.599465,   -0.541206
1.17577,   1.25997
-4.14695,   -2.91706
-6.72031,   -6.75337
18.3528,   -5.27214
-29.1521,   2.57659
-16.983,   34.3043

0.0151592,   0.275311
-0.100714,   0.62922
-0.344754,   -0.350234
-0.982047,   0.369094
-1.43383,   0.723539
-2.8736,   -4.09446
-5.73532,   -7.56415
18.5974,   -4.39237
-29.2009,   1.83463
-17.5582,   33.9972

0.0133169,   0.278319
0.393454,   0.323663
-0.191388,   -0.413989
0.737821,   0.96792
0.418105,   -1.18826
-1.2819,   -4.79002
-4.64988,   -8.23815
18.7998,   -3.50199
-29.2309,   1.09166
-18.1282,   33.6802

0.0113234,   0.280754
0.0123625,   -0.10503
-0.0269473,   -0.440416
0.0521894,   -0.719196
1.04654,   1.39775
0.452961,   -4.92443
-3.48267,   -8.76287
18.9594,   -2.60301
-29.2423,   0.348168
-18.693,   33.3535

0.00936158,   0.282583
-0.360157,   0.343437
0.139631,   -0.427998
-0.773264,   0.907373
-1.48229,   0.556093
2.13848,   -4.48019
-2.25384,   -9.12858
19.0759,   -1.69748
-29.2349,   -0.395376
-19.2523,   33.0171

0.00760689,   0.283863
0.15274,   0.629868
0.299261,   -0.377333
0.991631,   0.461993
0.582084,   -1.12537
3.58616,   -3.50452
-0.984914,   -9.32822
19.149,   -0.787469
-29.2088,   -1.13849
-19.8059,   32.6712

0.00624097,   0.284689
0.334316,   0.0808564
0.44327,   -0.291129
-0.508291,   -0.574191
0.903066,   1.51532
4.63301,   -2.10473
0.301734,   -9.35745
19.1786,   0.124966
-29.1641,   -1.8807
-20.3538,   32.3158

0.00536905,   0.285203
-0.233129,   -0.0131879
0.564076,   -0.173773
-0.30634,   1.23651
-1.50799,   0.380612
5.16047,   -0.436871
1.58321,   -9.2149
19.1646,   1.03775
-29.1006,   -2.62152
-20.8957,   31.951

0.00505418,   0.2856
-0.232434,   0.57219
0.655015,   -0.0314929
0.925173,   -0.106282
0.741327,   -1.04681
5.10872,   1.31206
2.83649,   -8.90225
19.107,   1.94882
-29.0185,   -3.36049
-21.4315,   31.577

0.00531175,   0.286055
0.343364,   0.459343
0.711115,   0.128131
-0.896118,   -0.15035
0.75116,   1.61314
4.48368,   2.94567
4.03889,   -8.42429
19.006,   2.8561
-28.9179,   -4.09713
-21.961,   31.1937

0.00606238,   0.286746
0.137532,   -0.0771504
0.729266,   0.296528
0.267324,   1.25264
-1.50807,   0.202792
3.35638,   4.28103
5.16838,   -7.78904
18.8618,   3.75755
-28.7988,   -4.83096
-22.484,   30.8014

0.00719961,   0.287831
-0.362162,   0.211598
0.708479,   0.464661
0.560915,   -0.545289
0.894965,   -0.949148
1.85424,   5.16967
6.20418,   -7.00718
18.6747,   4.65111
-28.6612,   -5.56153
-23.0004,   30.4001

0.00857284,   0.289388
0.0185621,   0.662388
0.649769,   0.623743
-0.984693,   0.418522
0.593288,   1.69445
0.146125,   5.51412
7.12708,   -6.09234
18.4452,   5.53476
-28.5053,   -6.28835
-23.5101,   29.9899

0.00998972,   0.291469
0.38589,   0.211227
0.556187,   0.765157
0.758523,   0.954949
-1.48377,   0.0289253
-1.57738,   5.27849
7.9198,   -5.06075
18.1738,   6.40649
-28.3312,   -7.01096
-24.0128,   29.571

0.0112876,   0.294054
-0.11136,   -0.0704654
0.432714,   0.881275
0.0165876,   -0.706731
1.03799,   -0.830631
-3.12545,   4.49136
8.56744,   -3.93093
17.861,   7.2643
-28.139,   -7.72891
-24.5084,   29.1434

0.0123027,   0.297048
-0.314292,   0.477842
0.286023,   0.965762
-0.747537,   0.949339
0.427808,   1.76073
-4.32793,   3.24164
9.05753,   -2.72346
17.5075,   8.10625
-27.9287,   -8.44173
-24.9968,   28.7073

0.0129038,   0.300344
0.266121,   0.579452
0.124091,   1.01406
1.00263,   0.443281
-1.4394,   -0.137061
-5.05351,   1.66827
9.38094,   -1.46032
17.1143,   8.93041
-27.7007,   -9.14897
-25.4778,   28.2629

0.0130332,   0.303777
0.258906,   0.00510841
-0.0444801,   1.02356
-0.531925,   -0.536189
1.16453,   -0.693392
-5.22322,   -0.0551958
9.53151,   -0.164701
16.6821,   9.73491
-27.455,   -9.85018
-25.9513,   27.8101

0.0126615,   0.30716
-0.308771,   0.104121
-0.210423,   0.99366
-0.264919,   1.26898
0.253292,   1.80899
-4.81871,   -1.73929
9.50633,   1.13956
16.2118,   10.5179
-27.1917,   -10.5449
-26.417,   27.3492

0.0118318,   0.310345
-0.114697,   0.660338
-0.364593,   0.925996
0.917298,   -0.114297
-1.3788,   -0.295517
-3.88401,   -3.19872
9.30586,   2.42846
15.7046,   11.2776
-26.9111,   -11.2327
-26.875,   26.8803

0.0106505,   0.313169
0.388593,   0.366549
-0.498484,   0.824265
-0.905881,   -0.0906358
1.27129,   -0.542617
-2.52081,   -4.27214
8.93391,   3.67824
15.1616,   12.0122
-26.6133,   -11.9132
-27.325,   26.4035

0.00924257,   0.315524
0.0173454,   -0.0707639
-0.604646,   0.694145
0.304984,   1.27138
0.0720346,   1.83464
-0.878393,   -4.83955
8.39753,   4.86602
14.584,   12.7201
-26.2986,   -12.5858
-27.7668,   25.919

0.00778846,   0.31737
-0.364243,   0.36808
-0.677274,   0.542678
0.531107,   -0.535241
-1.30179,   -0.448607
0.862216,   -4.836
7.70715,   5.97005
13.9731,   13.3996
-25.9671,   -13.2503
-28.2004,   25.4269

0.00646968,   0.318691
0.141541,   0.667738
-0.712196,   0.378283
-0.981531,   0.483333
1.35884,   -0.383709
2.5077,   -4.25939
6.8755,   6.97041
13.3303,   14.0493
-25.6191,   -13.9061
-28.6256,   24.9273

0.00544527,   0.31956
0.336628,   0.122039
-0.707366,   0.21018
0.777413,   0.955586
-0.110302,   1.83518
3.87386,   -3.17177
5.91826,   7.84916
12.657,   14.6674
-25.2547,   -14.5529
-29.0423,   24.4203

0.00487316,   0.320104
-0.228028,   0.0159174
-0.662974,   0.0477959
-0.0259319,   -0.680256
-1.20529,   -0.595144
4.8067,   -1.69312
4.85332,   8.59089
11.9547,   15.2528
-24.8743,   -15.1902
-29.4504,   23.9062

0.00483931,   0.320465
-0.241278,   0.600064
-0.5815,   -0.0997159
-0.730979,   0.999693
1.4302,   -0.2191
5.20035,   0.0115447
3.70051,   9.18232
11.225,   15.8039
-24.4781,   -15.8176
-29.8496,   23.3851

0.00537603,   0.320846
0.33817,   0.50147
-0.467298,   -0.224294
0.999675,   0.427827
-0.287575,   1.81208
5.01002,   1.75097
2.48102,   9.61355
10.4696,   16.3195
-24.0664,   -16.4349
-30.24,   22.8571

0.00647209,   0.321431
0.144245,   -0.0402575
-0.326625,   -0.318858
-0.568424,   -0.498341
-1.08767,   -0.730016
4.25724,   3.32976
1.21714,   9.87767
9.69017,   16.7984
-23.6393,   -17.0414
-30.6213,   22.3223

0.00802297,   0.322378
-0.360458,   0.236571
-0.167254,   -0.378012
-0.23459,   1.29359
1.48689,   -0.0468376
3.02737,   4.5711
-0.0682664,   9.97072
8.8885,   17.2394
-23.1973,   -17.637
-30.9935,   21.781

0.00989504,   0.323838
0.00879681,   0.69643
0.00200729,   -0.398352
0.899379,   -0.133349
-0.456368,   1.76981
1.45945,   5.33711
-1.35212,   9.89181
8.0664,   17.6415
-22.7405,   -18.2212
-31.3564,   21.2333

0.0119231,   0.325878
0.388393,   0.253428
0.171724,   -0.378692
-0.918659,   -0.0444453
-0.951227,   -0.847267
-0.270333,   5.54417
-2.6116,   9.6431
7.22574,   18.0038
-22.2694,   -18.7936
-31.7099,   20.6793

0.0138981,   0.328514
-0.101924,   -0.0390979
0.332777,   -0.320029
0.344275,   1.27298
1.52576,   0.134685
-1.96901,   5.17183
-3.82453,   9.22964
6.36844,   18.3254
-21.7841,   -19.354
-32.0539,   20.1192

0.0156495,   0.331716
-0.316778,   0.503195
0.476282,   -0.225444
0.507588,   -0.539396
-0.617257,   1.7124
-3.44862,   4.26412
-4.96981,   8.65954
5.49647,   18.6055
-21.2851,   -19.9018
-32.3883,   19.5532

0.0170159,   0.335367
0.261851,   0.620389
0.594297,   -0.100067
-0.964348,   0.535873
-0.80156,   -0.943452
-4.54684,   2.92337
-6.02772,   7.94342
4.61182,   18.8435
-20.7726,   -20.437
-32.7131,   18.9814

0.0178637,   0.339329
0.268917,   0.0454738
0.680364,   0.0493136
0.812518,   0.946688
1.54192,   0.323222
-5.14411,   1.2986
-6.98024,   7.09408
3.71653,   19.0387
-20.247,   -20.959
-33.0279,   18.4041

0.0181466,   0.343433
-0.299509,   0.132345
0.729802,   0.214503
-0.0492478,   -0.655171
-0.772774,   1.63969
-5.17591,   -0.431177
-7.81114,   6.12702
2.81267,   19.1907
-19.7086,   -21.4675
-33.3329,   17.8213

0.0178462,   0.347476
-0.119346,   0.693402
0.740025,   0.38675
-0.692622,   1.05323
-0.644552,   -1.0192
-4.63913,   -2.07607
-8.50644,   5.05945
1.90233,   19.299
-19.1578,   -21.9623
-33.6279,   17.2333

0.0170087,   0.351297
0.392487,   0.412946
0.710442,   0.556687
1.01458,   0.421563
1.53258,   0.513078
-3.59215,   -3.45528
-9.05412,   3.91029
0.987594,   19.3634
-18.595,   -22.4431
-33.9128,   16.6402

0.0157594,   0.354738
0.0306961,   -0.0317566
0.642698,   0.71507
-0.588971,   -0.443368
-0.922124,   1.54839
-2.14882,   -4.41628
-9.44485,   2.69947
0.0705952,   19.3837
-18.0204,   -22.9096
-34.1874,   16.0422

0.0142285,   0.357684
-0.360095,   0.398647
0.540567,   0.853287
-0.192285,   1.33713
-0.482939,   -1.07781
-0.467013,   -4.85114
-9.67224,   1.44813
-0.846542,   19.3598
-17.4345,   -23.3614
-34.4518,   15.4395

0.012596,   0.360094
0.13752,   0.712059
0.409744,   0.963925
0.884518,   -0.129833
1.49897,   0.697787
1.26791,   -4.70913
-9.73243,   0.1779
-1.76168,   19.2916
-16.8377,   -23.7983
-34.7058,   14.8323

0.0110584,   0.361961
0.345112,   0.170901
0.257329,   1.0412
-0.932641,   0.0263704
-1.06041,   1.43665
2.86294,   -4.00303
-9.62436,   -1.08923
-2.6727,   19.1794
-16.2302,   -24.2201
-34.9493,   14.2207

0.00976661,   0.363355
-0.217766,   0.0538743
0.0917138,   1.08097
0.375068,   1.29486
-0.315248,   -1.12115
4.13896,   -2.80896
-9.34979,   -2.3313
-3.57747,   19.0233
-15.6126,   -24.6265
-35.1824,   13.6049

0.00887332,   0.364404
-0.245549,   0.637129
-0.0779856,   1.0812
0.468066,   -0.524488
1.44546,   0.873443
4.95139,   -1.25889
-8.91327,   -3.52677
-4.47386,   18.8237
-14.9852,   -25.0172
-35.4048,   12.9851

0.0084718,   0.365253
0.335795,   0.55323
-0.242415,   1.04205
-0.964684,   0.602193
-1.18173,   1.30633
5.20742,   0.473826
-8.32238,   -4.65477
-5.35979,   18.5809
-14.3485,   -25.3921
-35.6165,   12.3615

0.00857621,   0.366091
0.152259,   0.00679104
-0.392511,   0.965903
0.825396,   0.943299
-0.139641,   -1.14668
4.87754,   2.19428
-7.58675,   -5.69556
-6.23316,   18.2956
-13.7028,   -25.7509
-35.8175,   11.7343

0.00917317,   0.367102
-0.358386,   0.272442
-0.520262,   0.857085
-0.0955154,   -0.628314
1.37627,   1.04041
3.99921,   3.70884
-6.71872,   -6.63078
-7.09192,   17.9683
-13.0485,   -26.0934
-36.0077,   11.1037

0.0101635,   0.368428
-0.00177363,   0.740495
-0.618648,   0.721727
-0.673419,   1.10023
-1.28257,   1.16263
2.67227,   4.84782
-5.73312,   -7.44373
-7.93403,   17.5997
-12.386,   -26.4193
-36.187,   10.4698

0.0114005,   0.370202
0.388179,   0.305514
-0.682302,   0.567411
1.01093,   0.403135
0.0415845,   -1.14983
1.04699,   5.48505
-4.64681,   -8.11976
-8.75751,   17.1908
-11.7159,   -26.7286
-36.3554,   9.83288

0.0127331,   0.372478
-0.0967482,   0.00223361
-0.707786,   0.402791
-0.62143,   -0.40243
1.29165,   1.20089
-0.693933,   5.55187
-3.47862,   -8.64624
-9.5604,   16.7424
-11.0384,   -27.021
-36.5129,   9.1931

0.013967,   0.375251
-0.323848,   0.53795
-0.693836,   0.237104
-0.155791,   1.36173
-1.3632,   1.01133
-2.35661,   5.04387
-2.24872,   -9.01324
-10.3408,   16.2555
-10.3541,   -27.2964
-36.6592,   8.55067

0.0149352,   0.378479
0.251426,   0.669172
-0.641365,   0.0793717
0.867858,   -0.143818
0.222944,   -1.12807
-3.75763,   4.02026
-0.978722,   -9.21364
-11.0968,   15.7312
-9.66337,   -27.5547
-36.7945,   7.90575

0.0155097,   0.382035
0.271266,   0.0929794
-0.55333,   -0.0616562
-0.940101,   0.0819484
1.18851,   1.3541
-4.7439,   2.59605
0.308933,   -9.24308
-11.8267,   15.1708
-8.96662,   -27.7956
-36.9187,   7.25857

0.015578,   0.385773
-0.298521,   0.167417
-0.434602,   -0.17819
0.415439,   1.30295
-1.42677,   0.855074
-5.20838,   0.92904
1.59127,   -9.10022
-12.5287,   14.5756
-8.2643,   -28.019
-37.0318,   6.60931

0.0151096,   0.389528
-0.132328,   0.73141
-0.291752,   -0.263812
0.440588,   -0.515991
0.398336,   -1.08286
-5.10115,   -0.797475
2.84521,   -8.78684
-13.2011,   13.9469
-7.55686,   -28.2249
-37.1336,   5.95817

0.0141246,   0.393103
0.386906,   0.463058
-0.132714,   -0.313828
-0.94951,   0.666291
1.06532,   1.49514
-4.43403,   -2.39408
4.048,   -8.30782
-13.8423,   13.2861
-6.84474,   -28.413
-37.2242,   5.30534

0.0126851,   0.396345
0.0341518,   0.00993727
0.0339584,   -0.325611
0.850683,   0.942314
-1.4749,   0.69234
-3.27933,   -3.68512
5.17755,   -7.67124
-14.4508,   12.5949
-6.12838,   -28.5834
-37.3035,   4.65102

0.0109322,   0.399123
-0.365457,   0.430776
0.199181,   -0.298465
-0.13111,   -0.591715
0.56418,   -1.01862
-1.76268,   -4.52733
6.21306,   -6.88804
-15.0252,   11.8749
-5.40824,   -28.736
-37.3715,   3.99542

0.00902224,   0.401333
0.123663,   0.756124
0.354005,   -0.233803
-0.646569,   1.15826
0.924239,   1.61824
-0.0502456,   -4.82537
7.13529,   -5.97192
-15.5639,   11.1277
-4.68477,   -28.8706
-37.4283,   3.33872

0.00713598,   0.402965
0.343891,   0.218608
0.490001,   -0.135115
1.00719,   0.398038
-1.50484,   0.521344
1.66868,   -4.5433
7.92697,   -4.93922
-16.0658,   10.3551
-3.9584,   -28.9872
-37.4737,   2.68114

0.0054751,   0.404042
-0.216829,   0.0896873
0.599866,   -0.00773612
-0.657434,   -0.346479
0.721011,   -0.939546
3.2022,   -3.7095
8.57314,   -3.80862
-16.5296,   9.55885
-3.22959,   -29.0857
-37.5078,   2.02287

0.00419348,   0.404649
-0.25826,   0.67058
0.677856,   0.141615
-0.127984,   1.39683
0.770773,   1.72002
4.37745,   -2.4147
9.06134,   -2.60073
-16.9543,   8.74094
-2.49879,   -29.1661
-37.5305,   1.3641

0.00342651,   0.404948
0.325016,   0.600391
0.719762,   0.304957
0.836003,   -0.149326
-1.51182,   0.344481
5.06088,   -0.802842
9.38237,   -1.33756
-17.3386,   7.90324
-1.76645,   -29.2284
-37.5419,   0.705046

0.00325798,   0.405101
0.15257,   0.0483714
0.723291,   0.473606
-0.962991,   0.141365
0.871302,   -0.845968
5.17446,   0.945093
9.53001,   -0.0422519
-17.6819,   7.04776
-1.03302,   -29.2726
-37.5419,   0.0458977

0.00368544,   0.405307
-0.362953,   0.302576
0.688242,   0.638577
0.438118,   1.30659
0.610863,   1.80099
4.7052,   2.63213
9.50149,   1.26146
-17.9831,   6.17649
-0.29895,   -29.2986
-37.5305,   -0.613141

0.00467089,   0.405766
-0.0176028,   0.777224
0.616536,   0.791035
0.395566,   -0.515235
-1.49302,   0.167484
3.70696,   4.06853
9.29742,   2.54958
-18.2416,   5.29153
0.435307,   -29.3065
-37.5078,   -1.27187

0.00610224,   0.406618
0.382927,   0.349354
0.511998,   0.922992
-0.94643,   0.71629
1.01474,   -0.734538
2.29337,   5.09408
8.92176,   3.79828
-18.4568,   4.39496
1.1693,   -29.2962
-37.4738,   -1.93009

0.00781428,   0.407989
-0.0961819,   0.0356511
0.380218,   1.02738
0.865969,   0.921759
0.447401,   1.86468
0.624229,   5.596
8.38167,   4.98468
-18.6281,   3.48892
1.90259,   -29.2678
-37.4284,   -2.58761

0.00964296,   0.40994
-0.332911,   0.564881
0.228227,   1.09859
-0.169989,   -0.574791
-1.4498,   -0.00311187
-1.11352,   5.52128
7.68759,   6.08689
-18.7551,   2.57557
2.63473,   -29.2213
-37.3716,   -3.24421

0.0113883,   0.41245
0.24007,   0.708245
0.0642722,   1.13277
-0.614905,   1.19378
1.14644,   -0.603333
-2.72713,   4.88122
6.85239,   7.08496
-18.8375,   1.65709
3.36528,   -29.1568
-37.3036,   -3.89971

0.0128749,   0.41547
0.2725,   0.13081
-0.102742,   1.12812
1.01198,   0.372476
0.278829,   1.91325
-4.03925,   3.74901
5.89178,   7.96087
-18.8751,   0.735656
4.09378,   -29.0744
-37.2243,   -4.5539

0.0139762,   0.41888
-0.297234,   0.194624
-0.263878,   1.08499
-0.677178,   -0.305769
-1.38676,   -0.163322
-4.90671,   2.25091
4.82369,   8.69921
-18.8678,   -0.18652
4.81981,   -28.974
-37.1338,   -5.2066

0.014578,   0.422515
-0.14182,   0.760797
-0.410342,   1.00569
-0.0797651,   1.41901
1.26054,   -0.454243
-5.23512,   0.552126
3.66803,   9.28657
-18.8157,   -1.10725
5.54292,   -28.8559
-37.032,   -5.85759

0.0146486,   0.426218
0.384751,   0.50357
-0.534113,   0.89448
0.82541,   -0.159527
0.103233,   1.94436
-4.98872,   -1.16081
2.44606,   9.71311
-18.7188,   -2.02434
6.26268,   -28.72
-36.919,   -6.50668

0.0142149,   0.429798
0.0409405,   0.0436845
-0.628312,   0.757477
-0.961448,   0.203172
-1.30843,   -0.313249
-4.19387,   -2.69967
1.18013,   9.97188
-18.5774,   -2.93561
6.97867,   -28.5664
-36.7949,   -7.15368

0.013333,   0.433095
-0.364809,   0.456989
-0.687684,   0.602285
0.481925,   1.31703
1.35336,   -0.292573
-2.93649,   -3.89441
-0.106807,   10.059
-18.3917,   -3.83889
7.69044,   -28.3954
-36.6597,   -7.79839

0.0121441,   0.435991
0.117479,   0.793201
-0.708977,   0.437385
0.367289,   -0.499431
-0.0775186,   1.9535
-1.35368,   -4.61148
-1.39162,   9.97364
-18.1624,   -4.73204
8.39758,   -28.207
-36.5134,   -8.44061

0.0108055,   0.438393
0.349666,   0.260101
-0.690915,   0.271902
-0.929192,   0.784257
-1.21554,   -0.455232
0.380401,   -4.76883
-2.6514,   9.71813
-17.8899,   -5.61294
9.09966,   -28.0013
-36.356,   -9.08016

0.00948075,   0.44029
-0.208552,   0.122064
-0.634302,   0.114981
0.886799,   0.920594
1.42518,   -0.124224
2.07314,   -4.346
-3.86391,   9.29776
-17.5749,   -6.47948
9.79627,   -27.7785
-36.1877,   -9.71684

0.00836542,   0.441723
-0.261069,   0.701747
-0.542129,   -0.024576
-0.208976,   -0.535429
-0.258066,   1.93791
3.53477,   -3.38757
-5.0079,   8.72092
-17.2182,   -7.32961
10.487,   -27.5387
-36.0085,   -10.3505

0.00759892,   0.442776
0.323791,   0.644911
-0.419434,   -0.138887
-0.588153,   1.24757
-1.10533,   -0.589031
4.60017,   -1.99899
-6.06348,   7.99832
-16.8206,   -8.1613
11.1714,   -27.2821
-35.8185,   -10.9808

0.00728714,   0.443611
0.161307,   0.0893578
-0.272878,   -0.221607
1.00402,   0.361976
1.47919,   0.0477759
5.14828,   -0.335471
-7.01251,   7.14288
-16.3831,   -8.97259
11.8492,   -27.0088
-35.6176,   -11.6078

0.00750339,   0.444391
-0.358355,   0.334795
-0.110492,   -0.267993
-0.711003,   -0.253148
-0.432264,   1.89879
5.11687,   1.41587
-7.83875,   6.17022
-15.9067,   -9.76157
12.5198,   -26.7191
-35.406,   -12.231

0.00822078,   0.445297
-0.0235863,   0.816124
0.0589342,   -0.275266
-0.0475366,   1.44469
-0.976062,   -0.71012
4.5099,   3.05784
-8.52829,   5.09768
-15.3927,   -10.5264
13.1829,   -26.4132
-35.1838,   -12.8505

0.00937588,   0.446512
0.386011,   0.396272
0.226026,   -0.242822
0.796947,   -0.170093
1.51753,   0.224779
3.39695,   4.40625
-9.06915,   3.94433
-14.8421,   -11.2652
13.8382,   -26.0911
-34.9509,   -13.466

0.0108565,   0.44816
-0.0883703,   0.074191
0.381551,   -0.172297
-0.972815,   0.259377
-0.596348,   1.84052
1.90444,   5.31129
-9.45225,   2.73022
-14.2564,   -11.9763
14.4852,   -25.7532
-34.7076,   -14.0773

0.0124806,   0.450333
-0.334337,   0.598292
0.517045,   -0.0674173
0.515002,   1.31545
-0.829848,   -0.812804
0.200603,   5.67402
-9.67133,   1.47664
-13.637,   -12.658
15.1236,   -25.3997
-34.4538,   -14.6842

0.0140801,   0.45307
0.235152,   0.75372
0.625027,   0.0662125
0.3328,   -0.495374
1.53779,   0.408504
-1.52431,   5.45695
-9.72275,   0.205352
-12.9854,   -13.3087
15.7529,   -25.0307
-34.1897,   -15.2866

0.0154734,   0.456321
0.278608,   0.176041
0.699518,   0.221498
-0.910459,   0.838303
-0.750523,   1.76751
-3.07941,   4.68696
-9.60566,   -1.06158
-12.3031,   -13.9269
16.3729,   -24.6466
-33.9152,   -15.8843

0.0164836,   0.460013
-0.292079,   0.230543
0.736346,   0.390032
0.91168,   0.906032
-0.672175,   -0.893657
-4.29396,   3.45113
-9.32205,   -2.30212
-11.5917,   -14.5112
16.9831,   -24.2475
-33.6306,   -16.477

0.0170037,   0.464005
-0.147816,   0.79889
0.733447,   0.562597
-0.238053,   -0.504004
1.53544,   0.596845
-5.03542,   1.88686
-8.87671,   -3.49467
-10.853,   -15.0602
17.5833,   -23.8337
-33.336,   -17.0647

0.0169497,   0.468115
0.384301,   0.55263
0.691006,   0.729936
-0.547172,   1.29541
-0.897322,   1.6802
-5.22297,   0.166473
-8.27748,   -4.61835
-10.0887,   -15.5726
18.173,   -23.4055
-33.0313,   -17.6471

0.0162996,   0.472175
0.0477242,   0.0865676
0.61133,   0.882917
1.00909,   0.351948
-0.509016,   -0.953305
-4.836,   -1.52092
-7.53403,   -5.65338
-9.30068,   -16.0473
18.7519,   -22.9631
-32.7167,   -18.2241

0.0151125,   0.475992
-0.364595,   0.493036
0.498629,   1.01334
-0.72991,   -0.193244
1.50784,   0.784235
-3.9163,   -2.98949
-6.65889,   -6.58143
-8.49078,   -16.4832
19.3197,   -22.5068
-32.3924,   -18.7955

0.0134728,   0.4794
0.109974,   0.838845
0.359105,   1.11403
-0.00361177,   1.48013
-1.03643,   1.57556
-2.56377,   -4.0765
-5.66693,   -7.38586
-7.66092,   -16.8792
19.876,   -22.0369
-32.0583,   -19.3611

0.0115318,   0.482297
0.352201,   0.309908
0.200456,   1.17953
0.774589,   -0.16442
-0.343416,   -0.995218
-0.926623,   -4.65998
-4.57509,   -8.05219
-6.81305,   -17.2344
20.4207,   -21.5537
-31.7146,   -19.9209

0.00947578,   0.484597
-0.204721,   0.163081
0.0313737,   1.20639
-0.980774,   0.333969
1.45627,   0.964329
0.81438,   -4.67283
-3.40232,   -8.56808
-5.94918,   -17.5482
20.9532,   -21.0574
-31.3615,   -20.4745

0.00747981,   0.486299
-0.268428,   0.74083
-0.138822,   1.19323
0.543117,   1.33126
-1.16332,   1.45155
2.46545,   -4.11103
-2.16899,   -8.92383
-5.07135,   -17.8197
21.4733,   -20.5485
-30.999,   -21.0218

0.0057395,   0.487469
0.316459,   0.696257
-0.300847,   1.1408
0.287547,   -0.472681
-0.173991,   -1.02194
3.84138,   -3.03513
-0.896884,   -9.11249
-4.18161,   -18.0484
21.9808,   -20.0271
-30.6273,   -21.5628

0.00440833,   0.488201
0.163029,   0.136652
-0.445633,   1.05212
-0.906038,   0.905588
1.38537,   1.13308
4.78684,   -1.56408
0.391449,   -9.12987
-3.28207,   -18.2338
22.4753,   -19.4936
-30.2465,   -22.0972

0.00358492,   0.488665
-0.361409,   0.372571
-0.565174,   0.932261
0.915399,   0.899636
-1.272,   1.31004
5.19446,   0.137616
1.67292,   -8.9748
-2.37483,   -18.3755
22.9566,   -18.9483
-29.8566,   -22.6249

0.00333552,   0.489045
-0.0381413,   0.859184
-0.652968,   0.787994
-0.288966,   -0.468405
0.00136293,   -1.03144
5.01797,   1.87876
2.92436,   -8.64922
-1.46202,   -18.4733
23.4243,   -18.3916
-29.4578,   -23.1457

0.00363698,   0.489513
0.380007,   0.447023
-0.704201,   0.627501
-0.52799,   1.33802
1.29998,   1.29047
4.27749,   3.4636
4.12298,   -8.15818
-0.545772,   -18.5268
23.8783,   -17.8237
-29.0503,   -23.6594

0.00441444,   0.490261
-0.0895363,   0.114798
-0.716104,   0.45963
0.991861,   0.331538
-1.35866,   1.15633
3.05715,   4.71456
5.24664,   -7.50997
0.371778,   -18.5362
24.3182,   -17.2451
-28.6342,   -24.166

0.00555451,   0.491415
-0.345532,   0.632121
-0.688071,   0.293835
-0.764883,   -0.148395
0.181034,   -1.01921
1.49499,   5.49268
6.27458,   -6.71566
1.2885,   -18.5013
24.7439,   -16.6561
-28.2095,   -24.6653

0.00687921,   0.493053
0.219616,   0.798993
-0.621759,   0.139388
0.0288258,   1.49368
1.20109,   1.43926
-0.233417,   5.71293
7.18758,   -5.78916
2.20225,   -18.4223
25.1549,   -16.057
-27.7765,   -25.1571

0.00821868,   0.49522
0.275401,   0.220142
-0.520975,   0.00486036
0.745379,   -0.180878
-1.42351,   0.996477
-1.93524,   5.35322
7.96848,   -4.74703
3.11094,   -18.2994
25.5513,   -15.4481
-27.3353,   -25.6414

0.0094021,   0.497864
-0.296029,   0.262891
-0.391438,   -0.102277
-0.986005,   0.386108
0.359823,   -0.982468
-3.4221,   4.45593
8.60241,   -3.60815
4.01245,   -18.133
25.9326,   -14.8299
-26.8859,   -26.1179

0.0102613,   0.500898
-0.163689,   0.831955
-0.240196,   -0.176193
0.57867,   1.3242
1.08586,   1.57954
-4.53058,   3.122
9.07724,   -2.39334
4.90471,   -17.9235
26.2987,   -14.2027
-26.4286,   -26.5865

0.0106997,   0.504197
0.374813,   0.597333
-0.0756381,   -0.212786
0.254444,   -0.466337
-1.46978,   0.833763
-5.13956,   1.4997
9.38403,   -1.12489
5.78566,   -17.6714
26.6494,   -13.5669
-25.9635,   -27.0471

0.0106505,   0.507581
0.0482152,   0.12288
0.0931359,   -0.210078
-0.882689,   0.960485
0.531634,   -0.922291
-5.18279,   -0.231968
9.51687,   0.173769
6.65329,   -17.3773
26.9846,   -12.9229
-25.4908,   -27.4996

0.0101003,   0.510888
-0.371085,   0.519722
0.256872,   -0.168289
0.937422,   0.885416
0.952505,   1.70706
-4.65562,   -1.8824
9.4732,   1.47863
7.5056,   -17.042
27.3039,   -12.271
-25.0105,   -27.9438

0.00912256,   0.513952
0.0948142,   0.876074
0.406679,   -0.0897665
-0.320788,   -0.431244
-1.4998,   0.667305
-3.61548,   -3.26962
9.25383,   2.76551
8.34065,   -16.6662
27.6072,   -11.6116
-24.5228,   -28.3796

0.00780952,   0.516618
0.351159,   0.352406
0.534562,   0.0213098
-0.489994,   1.38538
0.692425,   -0.843029
-2.17589,   -4.23979
8.86295,   4.01057
9.15652,   -16.2509
27.8944,   -10.9451
-24.028,   -28.807

0.00631074,   0.518807
-0.202222,   0.193088
0.633554,   0.15888
0.986694,   0.321179
0.802987,   1.81618
-0.494918,   -4.68387
8.30802,   5.19092
9.95136,   -15.7971
28.1653,   -10.2719
-23.526,   -29.2257

0.00481518,   0.520466
-0.278858,   0.767964
0.69838,   0.315473
-0.790203,   -0.0885929
-1.51162,   0.495384
1.24159,   -4.55038
7.59982,   6.28479
10.7234,   -15.3058
28.4197,   -9.59243
-23.0172,   -29.6357

0.00348377,   0.521608
0.307176,   0.739078
0.725683,   0.482666
0.0648681,   1.52052
0.842167,   -0.749187
2.84012,   -3.85168
6.75155,   7.27239
11.4708,   -14.7782
28.6576,   -8.90704
-22.5016,   -30.0369

0.00249441,   0.522325
0.16778,   0.174726
0.714113,   0.65146
0.712522,   -0.18226
0.642493,   1.90347
4.12115,   -2.66369
5.77926,   8.13593
12.1919,   -14.2155
28.8787,   -8.21614
-21.9794,   -30.429

0.00198641,   0.522733
-0.361402,   0.398456
0.664319,   0.813026
-0.997021,   0.450006
-1.50091,   0.319847
4.93983,   -1.11811
4.7012,   8.8602
12.8851,   -13.619
29.083,   -7.52015
-21.4507,   -30.8122

0.0020236,   0.523005
-0.0510427,   0.892141
0.579039,   0.958661
0.602246,   1.32336
0.983354,   -0.641711
5.20299,   0.612053
3.53752,   9.43203
13.5488,   -12.9901
29.2703,   -6.81946
-20.9158,   -31.1861

0.00264712,   0.523339
0.378782,   0.490812
0.462945,   1.08063
0.208365,   -0.455984
0.476884,   1.96942
4.88056,   2.33223
2.30973,   9.84203
14.1815,   -12.3304
29.4405,   -6.11449
-20.3748,   -31.5508

0.00381144,   0.523905
-0.0831866,   0.146825
0.322369,   1.17248
-0.871107,   1.01136
-1.46503,   0.146243
4.00917,   3.84894
1.04036,   10.0836
14.7819,   -11.6412
29.5935,   -5.40564
-19.8278,   -31.9062

0.00540273,   0.524879
-0.350304,   0.65706
0.164989,   1.22941
0.946657,   0.862937
1.11599,   -0.517738
2.68771,   4.99224
-0.247508,   10.153
15.3486,   -10.9242
29.7293,   -4.69333
-19.275,   -32.2521

0.00729229,   0.526381
0.210232,   0.838474
-0.000885652,   1.24847
-0.359209,   -0.405258
0.309396,   2.01743
1.06562,   5.63527
-1.53064,   10.0499
15.8802,   -10.1811
29.8478,   -3.97798
-18.7166,   -32.5884

0.00928606,   0.528467
0.281588,   0.260015
-0.166249,   1.22868
-0.454294,   1.41593
-1.40536,   -0.019042
-0.674792,   5.70831
-2.78612,   9.77682
16.3756,   -9.4136
29.9489,   -3.26
-18.1528,   -32.9151

0.0111899,   0.531156
-0.290171,   0.289867
-0.322094,   1.17122
0.983124,   0.295535
1.23563,   -0.375272
-2.33942,   5.20586
-3.99177,   9.33925
16.8338,   -8.62339
30.0325,   -2.53981
-17.5837,   -33.2321

0.0128388,   0.534378
-0.171154,   0.860996
-0.459926,   1.07933
-0.805313,   -0.0432256
0.13864,   2.05011
-3.74414,   4.18632
-5.12651,   8.74582
17.2536,   -7.8123
30.0987,   -1.81782
-17.0095,   -33.5393

0.0140612,   0.538022
0.374397,   0.641173
-0.572271,   0.958156
0.114192,   1.53379
-1.32661,   -0.172097
-4.73492,   2.76434
-6.17071,   8.00753
17.6341,   -6.98219
30.1473,   -1.09447
-16.4304,   -33.8366

0.0147572,   0.541945
0.0594516,   0.158532
-0.653111,   0.814183
0.6968,   -0.1898
1.33646,   -0.216167
-5.20386,   1.0978
-7.10645,   7.13767
17.9745,   -6.13496
30.1783,   -0.370166
-15.8464,   -34.124

0.0148822,   0.545953
-0.367575,   0.546318
-0.697945,   0.6554
-0.986207,   0.51202
-0.0375061,   2.0655
-5.10045,   -0.629626
-7.91767,   6.15218
18.2741,   -5.27253
30.1918,   0.354671
-15.258,   -34.4013

0.0144249,   0.549864
0.0889655,   0.914612
-0.704311,   0.490564
0.645216,   1.32627
-1.23369,   -0.312934
-4.43619,   -2.22805
-8.5907,   5.06867
18.5321,   -4.39686
30.1876,   1.07962
-14.6651,   -34.6685

0.0134663,   0.553514
0.359477,   0.397962
-0.671871,   0.328762
0.18092,   -0.433089
1.41469,   -0.0458956
-3.28336,   -3.52138
-9.11365,   3.90646
18.748,   -3.50995
30.1659,   1.80425
-14.0679,   -34.9256

0.0121221,   0.556741
-0.190688,   0.227147
-0.602427,   0.178939
-0.84329,   1.07763
-0.217402,   2.05916
-1.76769,   -4.36599
-9.47775,   2.68575
18.9214,   -2.6138
30.1266,   2.52816
-13.4667,   -35.1725

0.0105371,   0.559466
-0.280482,   0.800119
-0.499598,   0.0491529
0.964218,   0.860687
-1.12796,   -0.44408
-0.0554688,   -4.66639
-9.67695,   1.42802
19.0518,   -1.71046
30.0698,   3.25091
-12.8617,   -35.4091

0.00890808,   0.561643
0.305414,   0.787734
-0.368932,   -0.053328
-0.393305,   -0.355193
1.47058,   0.129262
1.6639,   -4.38647
-9.70782,   0.155134
19.139,   -0.80196
29.9955,   3.97209
-12.2529,   -35.6353

0.0074076,   0.563282
0.179321,   0.219949
-0.217497,   -0.122784
-0.421553,   1.46792
-0.395734,   2.02822
3.19841,   -3.55446
-9.56982,   -1.11074
19.1827,   0.109624
29.9036,   4.69128
-11.6406,   -35.8511

0.00619919,   0.564482
-0.3554,   0.432398
-0.0535723,   -0.155277
0.96827,   0.291384
-1.00687,   -0.565938
4.37507,   -2.26094
-9.26522,   -2.34751
19.1829,   1.02223
29.7944,   5.40806
-11.025,   -36.0565

0.00542506,   0.565361
-0.0591885,   0.933313
0.113922,   -0.148938
-0.8343,   0.0196185
1.50751,   0.305779
5.06007,   -0.649583
-8.79911,   -3.53357
19.1396,   1.93379
29.6678,   6.12201
-10.4062,   -36.2515

0.00514702,   0.566086
0.380871,   0.544188
0.276139,   -0.103908
0.14363,   1.55723
-0.566282,   1.97363
5.17489,   1.09874
-8.17967,   -4.64808
19.0529,   2.84223
29.5238,   6.83272
-9.78446,   -36.4359

0.0053888,   0.566851
-0.0740284,   0.188367
0.424161,   -0.0224309
0.65887,   -0.190553
-0.86846,   -0.674545
4.70608,   2.78693
-7.417,   -5.6714
18.9229,   3.74551
29.3627,   7.53977
-9.15989,   -36.6097

0.00610776,   0.567814
-0.35413,   0.690971
0.549927,   0.0912529
-0.995516,   0.572258
1.52831,   0.484537
3.70712,   4.22474
-6.52409,   -6.58533
18.75,   4.64159
29.1844,   8.24275
-8.53271,   -36.7729

0.00718562,   0.569135
0.199207,   0.88787
0.646525,   0.231097
0.667287,   1.32074
-0.724978,   1.89975
2.29163,   5.25119
-5.5163,   -7.37345
18.5345,   5.52843
28.9891,   8.94126
-7.9031,   -36.9254

0.00848878,   0.570926
0.286869,   0.310552
0.708672,   0.389593
0.138175,   -0.421333
-0.71447,   -0.764409
0.619941,   5.7528
-4.411,   -8.02138
18.2769,   6.40403
28.7769,   9.63488
-7.27123,   -37.0673

0.00983834,   0.573214
-0.286286,   0.324715
0.732984,   0.558505
-0.825077,   1.12638
1.53137,   0.667557
-1.12014,   5.67627
-3.22749,   -8.51688
17.9779,   7.2664
28.5479,   10.3232
-6.63729,   -37.1985

0.0110477,   0.576004
-0.184282,   0.897209
0.717984,   0.728745
0.975487,   0.840711
-0.871634,   1.81136
-2.73492,   5.03317
-1.98639,   -8.85066
17.638,   8.11357
28.3022,   11.0059
-6.00147,   -37.319

0.0119688,   0.579221
0.367596,   0.694601
0.664384,   0.891126
-0.424863,   -0.321655
-0.550073,   -0.832012
-4.04643,   3.89749
-0.709658,   -9.01603
17.2581,   8.94363
28.04,   11.6824
-5.36394,   -37.4287

0.012458,   0.582728
0.0667149,   0.201292
0.575028,   1.03685
-0.381748,   1.50301
1.51254,   0.853121
-4.91141,   2.39656
0.579967,   -9.00925
16.839,   9.75467
27.7614,   12.3525
-4.72489,   -37.5276

0.0124347,   0.586385
-0.371008,   0.576004
0.454739,   1.15805
0.96339,   0.276861
-1.00868,   1.70966
-5.236,   0.696494
1.85931,   -8.82965
16.3816,   10.5449
27.4665,   13.0156
-4.0845,   -37.6158

0.0118828,   0.590004
0.0725913,   0.957697
0.309867,   1.24828
-0.848015,   0.0765306
-0.381329,   -0.877761
-4.98536,   -1.01568
3.10515,   -8.4797
15.8869,   11.3124
27.1556,   13.6715
-3.44295,   -37.6931

0.0108177,   0.593406
0.360489,   0.449603
0.148273,   1.30255
0.186748,   1.57854
1.46934,   1.0358
-4.18686,   -2.55179
4.29476,   -7.96501
15.3562,   12.0555
26.8288,   14.3198
-2.80043,   -37.7597

0.00934059,   0.596445
-0.185124,   0.261816
-0.0211869,   1.31789
0.633579,   -0.185274
-1.13614,   1.59209
-2.92719,   -3.74231
5.40608,   -7.29444
14.7904,   12.7725
26.4863,   14.96
-2.15712,   -37.8155

0.00759013,   0.598982
-0.292257,   0.83062
-0.189218,   1.29349
-0.99314,   0.641392
-0.211529,   -0.905035
-1.34384,   -4.45444
6.41857,   -6.47952
14.191,   13.4617
26.1282,   15.5917
-1.51319,   -37.8604

0.00572247,   0.600948
0.29288,   0.838052
-0.34654,   1.23076
0.693963,   1.32685
1.40306,   1.20956
0.38909,   -4.60686
7.31326,   -5.5347
13.5592,   14.1216
25.7549,   16.2147
-0.86884,   -37.8946

0.00394446,   0.602339
0.18522,   0.265101
-0.484713,   1.1331
0.0957157,   -0.394228
-1.24991,   1.45672
2.07927,   -4.17958
8.0733,   -4.477
12.8965,   14.7507
25.3664,   16.8286
-0.22424,   -37.9179

0.00243238,   0.603185
-0.356147,   0.460933
-0.595984,   1.00592
-0.810804,   1.18767
-0.0396547,   -0.916653
3.53723,   -3.21739
8.68411,   -3.3257
12.2044,   15.3474
24.9631,   17.4328
0.420426,   -37.9304

0.00133886,   0.603607
-0.0773733,   0.969693
-0.674153,   0.856331
0.975199,   0.831263
1.31835,   1.37043
4.59803,   -1.8259
9.13399,   -2.10187
11.4844,   15.9104
24.5451,   18.0273
1.06498,   -37.9322

0.000800924,   0.603759
0.375939,   0.595614
-0.714875,   0.6927
-0.470049,   -0.279807
-1.34414,   1.30545
5.14067,   -0.160567
9.41431,   -0.827993
10.7382,   16.4385
24.1126,   18.6114
1.70923,   -37.9232

0.000862463,   0.603813
-0.0681778,   0.223775
-0.715931,   0.524237
-0.357894,   1.53847
0.136647,   -0.910991
5.10311,   1.59102
9.51965,   0.472496
9.96747,   16.9303
23.666,   19.185
2.35302,   -37.9034

0.00152219,   0.603983
-0.363643,   0.716
-0.677269,   0.360093
0.939999,   0.258277
1.22022,   1.51848
4.4897,   3.23115
9.44803,   1.7756
9.17393,   17.3847
23.2055,   19.7476
2.99614,   -37.8728

0.00272639,   0.604441
0.181788,   0.930717
-0.600983,   0.209508
-0.876157,   0.124201
-1.41509,   1.14378
3.37078,   4.57529
9.2009,   3.05717
8.35938,   17.8007
22.7313,   20.299
3.63844,   -37.8316

0.0043315,   0.605336
0.290013,   0.354922
-0.491312,   0.0809071
0.217824,   1.58302
0.31588,   -0.883588
1.87375,   5.47376
8.78302,   4.29342
7.52569,   18.1772
22.2437,   20.8388
4.27973,   -37.7796

0.00618639,   0.606779
-0.283447,   0.350233
-0.354359,   -0.0185186
0.599978,   -0.198263
1.11019,   1.65656
0.167751,   5.82816
8.2024,   5.46148
6.67473,   18.5133
21.743,   21.3666
4.91983,   -37.717

0.00811003,   0.608798
-0.199246,   0.923796
-0.197794,   -0.0832404
-0.990279,   0.689498
-1.46312,   0.978026
-1.55631,   5.60198
7.47029,   6.5398
5.80846,   18.8083
21.2295,   21.8822
5.55856,   -37.6437

0.00989763,   0.611379
0.360117,   0.740095
-0.0300289,   -0.109783
0.725473,   1.31036
0.492715,   -0.831553
-3.10734,   4.82329
6.60028,   7.50875
4.92885,   19.0615
20.7034,   22.3852
6.19576,   -37.5598

0.011401,   0.614447
0.0761699,   0.235569
0.139642,   -0.0966025
0.0648449,   -0.384932
0.985509,   1.78535
-4.31494,   3.58041
5.60884,   8.35086
4.03791,   19.2722
20.1651,   22.8753
6.83124,   -37.4654

0.0124829,   0.617861
-0.371517,   0.59647
0.301928,   -0.044405
-0.777802,   1.23307
-1.49173,   0.811929
-5.04728,   2.01168
4.51454,   9.05105
3.13769,   19.4398
19.6148,   23.3523
7.46484,   -37.3604

0.0130501,   0.621473
0.0595488,   0.991846
0.447936,   0.0439466
0.994884,   0.811461
0.660802,   -0.755921
-5.22458,   0.290071
3.33788,   9.59668
2.23027,   19.5641
19.0529,   23.8158
8.09637,   -37.2449

0.0130977,   0.6251
0.366359,   0.493887
0.569754,   0.163574
-0.491418,   -0.239745
0.844058,   1.90099
-4.82735,   -1.39513
2.10056,   9.97873
1.31772,   19.6446
18.4797,   24.2655
8.72568,   -37.119

0.0126455,   0.62856
-0.172962,   0.289137
0.660984,   0.308089
-0.309907,   1.57631
-1.50395,   0.644834
-3.8984,   -2.85828
0.825307,   10.191
0.402152,   19.6811
17.8956,   24.7013
9.35258,   -36.9827

0.0117821,   0.631714
-0.296471,   0.85425
0.716689,   0.469676
0.936207,   0.249973
0.815909,   -0.661182
-2.53845,   -3.93703
-0.46467,   10.2303
-0.514316,   19.6734
17.3009,   25.1227
9.97691,   -36.836

0.0106575,   0.634433
0.288101,   0.882462
0.733939,   0.639609
-0.886122,   0.188363
0.687432,   1.99791
-0.896411,   -4.51005
-1.74608,   10.0968
-1.42957,   19.6217
16.6958,   25.5296
10.5985,   -36.679

0.00942015,   0.636655
0.200149,   0.306046
0.711894,   0.808723
0.260626,   1.60525
-1.49863,   0.474707
0.846338,   -4.51098
-2.99601,   9.79367
-2.34149,   19.5258
16.0808,   25.9216
11.2172,   -36.5118

0.00825826,   0.638386
-0.346945,   0.486344
0.651912,   0.967934
0.570399,   -0.189137
0.957637,   -0.552339
2.49541,   -3.93671
-4.19232,   9.32701
-3.24795,   19.3861
15.4563,   26.2986
11.8328,   -36.3344

0.00734818,   0.639664
-0.0850739,   1.00359
0.557304,   1.10893
-0.987158,   0.759002
0.52076,   2.07237
3.86523,   -2.84908
-5.31387,   8.70618
-4.14685,   19.2028
14.8225,   26.6603
12.4452,   -36.1468

0.00681651,   0.640614
0.381011,   0.64641
0.433241,   1.22419
0.749075,   1.3112
-1.47176,   0.302923
4.80055,   -1.36862
-6.34118,   7.9425
-5.0361,   18.9762
14.1799,   27.0065
13.0541,   -35.9492

0.00677516,   0.641392
-0.0519051,   0.26029
0.286498,   1.3076
0.0213568,   -0.35937
1.08845,   -0.431137
5.19482,   0.33855
-7.2565,   7.04977
-5.9136,   18.707
13.5289,   27.3369
13.6595,   -35.7416

0.00725734,   0.642163
-0.362201,   0.74364
0.125145,   1.35479
-0.758372,   1.28772
0.350035,   2.1246
5.00333,   2.07993
-8.0441,   6.04431
-6.7773,   18.3956
12.8697,   27.6514
14.2612,   -35.524

0.00822922,   0.643125
0.174668,   0.976364
-0.042023,   1.36342
0.996785,   0.794556
-1.42072,   0.13462
4.2484,   3.65924
-8.69067,   4.94412
-7.62518,   18.0428
12.2029,   27.9497
14.859,   -35.2966

0.00962086,   0.644436
0.302152,   0.404075
-0.206164,   1.33323
-0.528407,   -0.199999
1.20899,   -0.295146
3.01642,   4.89935
-9.1847,   3.76885
-8.45523,   17.6494
11.5287,   28.2316
15.4528,   -35.0594

0.0112838,   0.646211
-0.272046,   0.382525
-0.358324,   1.26599
-0.273816,   1.60589
0.178771,   2.15798
1.44736,   5.66277
-9.51822,   2.539
-9.2655,   17.2162
10.8477,   28.497
16.0423,   -34.8125

0.0130489,   0.648542
-0.205148,   0.957663
-0.490211,   1.16547
0.921779,   0.230768
-1.34675,   -0.0240255
-0.282096,   5.86653
-9.6856,   1.27624
-10.054,   16.7442
10.1601,   28.7457
16.6275,   -34.556

0.0147416,   0.651427
0.359488,   0.792717
-0.594674,   1.03729
-0.898941,   0.241086
1.31526,   -0.142514
-1.97897,   5.49085
-9.68407,   0.00260259
-10.819,   16.2346
9.4664,   28.9774
17.2082,   -34.2899

0.0161673,   0.654818
0.0906384,   0.27877
-0.666075,   0.888637
0.305409,   1.61276
0.0061979,   2.1754
-3.45558,   4.58012
-9.51367,   -1.25965
-11.5586,   15.6884
8.76703,   29.1922
17.7842,   -34.0143

0.0171825,   0.658625
-0.367028,   0.627684
-0.70069,   0.727568
0.545999,   -0.190615
-1.25456,   -0.168968
-4.54984,   3.2368
-9.17732,   -2.48842
-12.271,   15.1069
8.06238,   29.3897
18.3554,   -33.7293

0.0176758,   0.662681
0.0514676,   1.03522
-0.696628,   0.562955
-0.971367,   0.821317
1.4017,   0.0248747
-5.14219,   1.61001
-8.68073,   -3.66218
-12.9546,   14.4914
7.35287,   29.5699
18.9216,   -33.435

0.0175755,   0.666815
0.373725,   0.547186
-0.654115,   0.403848
0.785829,   1.30737
-0.169858,   2.17539
-5.16797,   -0.120901
-8.03269,   -4.7602
-13.6076,   13.8435
6.63893,   29.7327
19.4828,   -33.1315

0.0168978,   0.670852
-0.161047,   0.327762
-0.575494,   0.259048
-0.0084174,   -0.329716
-1.14928,   -0.300158
-4.62407,   -1.76534
-7.24363,   -5.76301
-14.2287,   13.1645
5.92098,   29.8779
20.0387,   -32.8189

0.0156932,   0.674593
-0.299365,   0.889606
-0.465132,   0.136504
-0.72375,   1.34999
1.46465,   0.201533
-3.56943,   -3.14167
-6.32712,   -6.65269
-14.8162,   12.456
5.19946,   30.0054
20.5891,   -32.4973

0.0140718,   0.677903
0.28299,   0.935124
-0.328953,   0.0427818
1.00788,   0.789695
-0.347974,   2.15375
-2.1191,   -4.09667
-5.29879,   -7.41316
-15.3687,   11.7198
4.47479,   30.1152
21.1341,   -32.1667

0.0122063,   0.680672
0.210473,   0.355942
-0.174339,   -0.0169159
-0.558998,   -0.141768
-1.03258,   -0.42037
-0.432585,   -4.52246
-4.17637,   -8.03057
-15.885,   10.9576
3.74742,   30.207
21.6733,   -31.8273

0.0102644,   0.682837
-0.342295,   0.523722
-0.00963632,   -0.0392407
-0.23648,   1.65302
1.50454,   0.381214
1.30318,   -4.36926
-2.97953,   -8.49328
-16.3638,   10.1711
3.01778,   30.281
22.2067,   -31.4791

0.00844273,   0.684427
-0.0943894,   1.0467
0.156269,   -0.0228727
0.899773,   0.230725
-0.523013,   2.10756
2.89423,   -3.65157
-1.72922,   -8.7926
-16.8039,   9.36214
2.2863,   30.3369
22.7342,   -31.1223

0.00692771,   0.685504
0.380012,   0.702075
0.314355,   0.0313728
-0.922291,   0.311668
-0.901936,   -0.530593
4.16146,   -2.44771
-0.447692,   -8.92241
-17.2043,   8.53267
1.55344,   30.3748
23.2555,   -30.757

0.00584465,   0.686192
-0.0457692,   0.304852
0.45629,   0.120709
0.333075,   1.63181
1.52502,   0.560097
4.96132,   -0.891565
0.842106,   -8.87952
-17.564,   7.68465
0.819635,   30.3946
23.7707,   -30.3832

0.0053017,   0.686672
-0.36699,   0.78142
0.574375,   0.240472
0.500024,   -0.182945
-0.688557,   2.03777
5.20278,   0.84226
2.11688,   -8.66386
-17.882,   6.82005
0.0853366,   30.3963
24.2794,   -30.0012

0.00533107,   0.687113
0.16274,   1.02526
0.662195,   0.384403
-0.976612,   0.884878
-0.755203,   -0.627124
4.85837,   2.55851
3.35336,   -8.27847
-18.1578,   5.94094
-0.649008,   30.3798
24.7817,   -29.6109

0.00588716,   0.687711
0.302722,   0.454578
0.714943,   0.544864
0.799047,   1.29714
1.5295,   0.738679
3.96747,   4.06403
4.52883,   -7.72963
-18.3905,   5.04938
-1.38295,   30.3452
25.2774,   -29.2125

0.00689943,   0.688635
-0.272679,   0.421065
0.729741,   0.713278
-0.0581078,   -0.310129
-0.840099,   1.94901
2.6313,   5.19015
5.62142,   -7.02666
-18.5796,   4.14749
-2.11604,   30.2924
25.7663,   -28.8061

0.00821838,   0.689991
-0.216783,   0.995693
0.705782,   0.880836
-0.703704,   1.39433
-0.593926,   -0.70433
1.00104,   5.812
6.61075,   -6.18172
-18.7247,   3.23741
-2.84783,   30.2215
26.2483,   -28.3919

0.00966824,   0.691864
0.350509,   0.841533
0.644232,   1.0386
1.00715,   0.764095
1.51704,   0.919406
-0.740144,   5.86221
7.47819,   -5.20985
-18.8254,   2.32129
-3.57786,   30.1324
26.7233,   -27.9699

0.0110877,   0.694256
0.0911291,   0.320427
0.548283,   1.1781
-0.592397,   -0.104818
-0.977295,   1.84651
-2.3981,   5.33764
8.20732,   -4.12859
-18.8814,   1.40133
-4.30569,   30.0253
27.1913,   -27.5402

0.0122873,   0.697107
-0.372154,   0.661284
0.423027,   1.29182
-0.195653,   1.67634
-0.423138,   -0.758514
-3.78935,   4.29886
8.78391,   -2.95776
-18.8927,   0.479699
-5.03087,   29.9001
27.652,   -27.1031

0.0131285,   0.700328
0.039012,   1.07439
0.275226,   1.37361
0.885674,   0.211533
1.48369,   1.10117
-4.76104,   2.86243
9.19716,   -1.71886
-18.8592,   -0.441403
-5.75294,   29.757
28.1053,   -26.6586

0.0135249,   0.703759
0.371089,   0.591554
0.112699,   1.41917
-0.92988,   0.367259
-1.10267,   1.73223
-5.20687,   1.18782
9.43908,   -0.434846
-18.7809,   -1.35979
-6.47147,   29.5959
28.5512,   -26.2068

0.013411,   0.707234
-0.160799,   0.362792
-0.0557435,   1.42596
0.377842,   1.63912
-0.248934,   -0.789812
-5.07837,   -0.540056
9.50499,   0.87043
-18.658,   -2.27328
-7.18599,   29.417
28.9895,   -25.7478

0.0128143,   0.710587
-0.305882,   0.922166
-0.220883,   1.39354
0.472545,   -0.17804
1.4268,   1.27913
-4.38957,   -2.13064
9.39359,   2.17266
-18.4909,   -3.1797
-7.89607,   29.2204
29.4201,   -25.2818

0.0118083,   0.713643
0.275649,   0.976331
-0.37371,   1.32364
-0.961535,   0.950174
-1.21705,   1.60399
-3.2156,   -3.40802
9.107,   3.44757
-18.2799,   -4.07692
-8.60126,   29.0061
29.843,   -24.809

0.0104975,   0.716282
0.212275,   0.39506
-0.505785,   1.22013
0.827182,   1.29372
-0.0750882,   -0.801529
-1.68504,   -4.22984
8.65072,   4.6715
-18.0256,   -4.9628
-9.30113,   28.7744
30.2579,   -24.3294

0.00905919,   0.718423
-0.342674,   0.556967
-0.609932,   1.08866
-0.0956512,   -0.277012
1.34747,   1.44722
0.0334419,   -4.50309
8.03359,   5.82165
-17.7285,   -5.83524
-9.99522,   28.5252
30.6648,   -23.8432

0.0076641,   0.720028
-0.100293,   1.08195
-0.680322,   0.936474
-0.675819,   1.45195
-1.31674,   1.46
1.74909,   -4.19496
7.26745,   6.87695
-17.3894,   -6.69217
-10.6831,   28.2588
31.0636,   -23.3504

0.0064829,   0.721149
0.378688,   0.743618
-0.712947,   0.771963
1.00605,   0.753696
0.0986738,   -0.79675
3.26994,   -3.3374
6.36677,   7.81817
-17.009,   -7.53155
-11.3643,   27.9753
31.4542,   -22.8513

0.00569269,   0.721871
-0.0435043,   0.341052
-0.70591,   0.604274
-0.628925,   -0.0527163
1.25015,   1.60131
4.42456,   -2.02453
5.34864,   8.62847
-16.5885,   -8.35141
-12.0385,   27.6748
31.8366,   -22.346

0.00539778,   0.722333
-0.368196,   0.815306
-0.65955,   0.442812
-0.163596,   1.70899
-1.39625,   1.3021
5.08187,   -0.402639
4.23223,   9.29319
-16.1286,   -9.1498
-12.7052,   27.3575
32.2105,   -21.8346

0.0056657,   0.722727
0.158668,   1.06356
-0.576396,   0.296462
0.858133,   0.199618
0.274569,   -0.774475
5.1669,   1.34607
3.03852,   9.80066
-15.6305,   -9.92485
-13.3639,   27.0237
32.5759,   -21.3173

0.00651158,   0.72323
0.304872,   0.493746
-0.460987,   0.173439
-0.949438,   0.424262
1.13992,   1.74128
4.66979,   3.02455
1.78957,   10.1425
-15.0955,   -10.6747
-14.0143,   26.6734
32.9327,   -20.7941

0.00785783,   0.724027
-0.271073,   0.456107
-0.319561,   0.0806389
0.40891,   1.64073
-1.45205,   1.13558
3.64718,   4.44379
0.508376,   10.3134
-14.5248,   -11.3976
-14.6559,   26.307
33.2809,   -20.2653

0.0095977,   0.725281
-0.21802,   1.03042
-0.159929,   0.0233214
0.433882,   -0.180786
0.451338,   -0.730636
2.2152,   5.44494
-0.781694,   10.3109
-13.9197,   -12.0919
-15.2884,   25.9245
33.6204,   -19.731

0.0115722,   0.727077
0.350461,   0.880825
0.00909768,   0.00473845
-0.951665,   1.00181
1.01865,   1.86984
0.535791,   5.91713
-2.05733,   10.1359
-13.2818,   -12.756
-15.9113,   25.5263
33.951,   -19.1913

0.0135818,   0.729479
0.0948694,   0.356976
0.178314,   0.0259244
0.852457,   1.27419
-1.48456,   0.966741
-1.20239,   5.80999
-3.29566,   9.79225
-12.6125,   -13.3882
-16.5243,   25.1126
34.2726,   -18.6463

0.0154508,   0.732469
-0.369457,   0.69662
0.33844,   0.0857997
-0.12838,   -0.258081
0.62375,   -0.662491
-2.8056,   5.13816
-4.47483,   9.28669
-11.9135,   -13.9872
-17.1268,   24.6836
34.5853,   -18.0962

0.0169964,   0.735957
0.040052,   1.11112
0.480771,   0.181252
-0.637177,   1.49421
0.883921,   1.98796
-4.09668,   3.97868
-5.57409,   8.62922
-11.1864,   -14.5515
-17.7186,   24.2396
34.8889,   -17.5413

0.0180735,   0.739835
0.37578,   0.630713
0.597511,   0.307129
1.01809,   0.733014
-1.49743,   0.7995
-4.93413,   2.46162
-6.57449,   7.83175
-10.433,   -15.0798
-18.2993,   23.7808
35.1833,   -16.9815

0.0186047,   0.74393
-0.155709,   0.400219
0.682309,   0.456584
-0.645969,   -0.00514352
0.785409,   -0.571196
-5.22682,   0.755228
-7.45875,   6.90881
-9.65498,   -15.571
-18.8684,   23.3075
35.4686,   -16.417

0.0185412,   0.748042
-0.30111,   0.959903
0.730672,   0.621538
-0.111572,   1.74054
0.733497,   2.09205
-4.94331,   -0.952332
-8.21171,   5.87729
-8.8543,   -16.0239
-19.4257,   22.82
35.7445,   -15.8481

0.0179141,   0.752015
0.279668,   1.01723
0.74005,   0.793138
0.849195,   0.195844
-1.49414,   0.633389
-4.11475,   -2.47297
-8.82039,   4.75569
-8.03282,   -16.4374
-19.9707,   22.3186
36.0111,   -15.2748

0.0168143,   0.755663
0.219137,   0.436043
0.709929,   0.962242
-0.950134,   0.494264
0.931925,   -0.461557
-2.83141,   -3.63855
-9.27413,   3.56397
-7.19249,   -16.8106
-20.5032,   21.8036
36.2682,   -14.6973

0.0153583,   0.758857
-0.336886,   0.598401
0.641983,   1.11973
0.451946,   1.65909
0.568977,   2.17646
-1.23374,   -4.31885
-9.56544,   2.323
-6.33528,   -17.1427
-21.0227,   21.2754
36.5159,   -14.1158

0.0137261,   0.761531
-0.0957601,   1.1241
0.539988,   1.25715
0.402261,   -0.16046
-1.474,   0.466126
0.502235,   -4.43613
-9.68931,   1.05465
-5.46322,   -17.4329
-21.5289,   20.7342
36.754,   -13.5304

0.0120988,   0.763644
0.383724,   0.788803
0.409553,   1.36724
-0.939662,   1.07573
1.06295,   -0.33894
2.1836,   -3.97437
-9.64362,   -0.218894
-4.57836,   -17.6807
-22.0215,   20.1803
36.9825,   -12.9412

0.010646,   0.765246
-0.038897,   0.385366
0.257842,   1.44416
0.870158,   1.27675
0.395429,   2.23734
3.6217,   -2.9823
-9.42908,   -1.47529
-3.68278,   -17.8853
-22.5002,   19.6142
37.2013,   -12.3485

0.00954136,   0.76644
-0.364457,   0.860606
0.0930459,   1.48388
-0.172771,   -0.217825
-1.43317,   0.298486
4.65369,   -1.56898
-9.0493,   -2.69249
-2.77857,   -18.0466
-22.9646,   19.0361
37.4105,   -11.7523

0.00888704,   0.767356
0.160282,   1.10967
-0.0758104,   1.4844
-0.615213,   1.55047
1.18118,   -0.205635
5.16162,   0.107733
-8.51079,   -3.84907
-1.86787,   -18.1639
-23.4145,   18.4465
37.6098,   -11.1529

0.00873984,   0.768184
0.307213,   0.540385
-0.239566,   1.44588
1.00774,   0.722372
0.218975,   2.27481
5.08709,   1.85896
-7.82281,   -4.92449
-0.952798,   -18.2373
-23.8496,   17.8457
37.7993,   -10.5504

0.0091107,   0.769098
-0.270699,   0.502602
-0.389337,   1.37066
-0.684126,   0.0464929
-1.36893,   0.135314
4.43829,   3.48685
-6.99676,   -5.89968
-0.0354894,   -18.2665
-24.2695,   17.234
37.979,   -9.94489

0.00991427,   0.770261
-0.21818,   1.07633
-0.516988,   1.26304
-0.0814728,   1.76706
1.28779,   -0.0597489
3.28931,   4.80786
-6.04694,   -6.75709
0.881921,   -18.2515
-24.674,   16.6119
38.1488,   -9.33661

0.0110392,   0.771828
0.348949,   0.927774
-0.61567,   1.12894
0.820093,   0.183742
0.0438049,   2.29219
1.77094,   5.67433
-4.98977,   -7.48111
1.7973,   -18.1924
-25.0629,   15.9798
38.3086,   -8.72568

0.0123347,   0.773871
0.0933185,   0.40236
-0.680051,   0.97583
-0.964038,   0.550281
-1.28221,   -0.017221
0.0550572,   5.99097
-3.84369,   -8.05832
2.70854,   -18.0893
-25.4358,   15.338
38.4584,   -8.11228

0.0136037,   0.776421
-0.371776,   0.742325
-0.706702,   0.812246
0.484864,   1.65901
1.37944,   0.100649
-1.66576,   5.72533
-2.62879,   -8.47765
3.61352,   -17.9425
-25.7925,   14.6869
38.5982,   -7.49655

0.0146866,   0.779455
0.0367003,   1.15563
-0.694336,   0.647226
0.366936,   -0.156997
-0.130294,   2.29282
-3.20023,   4.91005
-1.36654,   -8.73105
4.51017,   -17.7525
-26.1329,   14.027
38.728,   -6.87868

0.0154263,   0.782866
0.373035,   0.675677
-0.643754,   0.489815
-0.923487,   1.13173
-1.17761,   -0.154888
-4.37941,   3.63803
-0.0794636,   -8.81319
5.39641,   -17.5196
-26.4566,   13.3586
38.8476,   -6.2588

0.0156928,   0.786529
-0.159536,   0.444076
-0.557708,   0.348538
0.894448,   1.26419
1.45084,   0.273824
-5.0746,   2.05144
1.20927,   -8.72179
6.27023,   -17.2446
-26.7634,   12.6823
38.9572,   -5.63709

0.0154416,   0.790281
-0.304303,   1.00355
-0.440983,   0.231204
-0.205054,   -0.186153
-0.305496,   2.27589
-5.21044,   0.325801
2.47626,   -8.45769
7.12962,   -16.9279
-27.0532,   11.9983
39.0566,   -5.01372

0.0146529,   0.793924
0.27537,   1.0608
-0.299976,   0.144184
-0.578567,   1.60068
-1.06031,   -0.277472
-4.77251,   -1.34887
3.6983,   -8.02494
7.97261,   -16.5705
-27.3258,   11.3072
39.1458,   -4.38882

0.0133745,   0.797303
0.215538,   0.478793
-0.14238,   0.0921513
1.00981,   0.712433
1.49857,   0.454595
-3.80859,   -2.78805
4.85279,   -7.43091
8.7973,   -16.1731
-27.5809,   10.6095
39.2249,   -3.76258

0.0117312,   0.800258
-0.341316,   0.641799
0.0232271,   0.0779206
-0.709109,   0.105122
-0.480631,   2.23755
-2.42363,   -3.8322
5.91823,   -6.6857
9.6018,   -15.7368
-27.8184,   9.90542
39.2937,   -3.13516

0.00985451,   0.802679
-0.099882,   1.16626
0.188067,   0.102325
-0.0426532,   1.80223
-0.932318,   -0.387623
-0.769426,   -4.36396
6.87468,   -5.80249
10.3843,   -15.2624
-28.0382,   9.19555
39.3522,   -2.50671

0.0079301,   0.804524
0.379184,   0.831445
0.343199,   0.164091
0.793437,   0.185308
1.5231,   0.636872
0.971292,   -4.32161
7.70405,   -4.79718
11.143,   -14.7513
-28.24,   8.48034
39.4006,   -1.8774

0.00615895,   0.805785
-0.0444637,   0.426996
0.480313,   0.259935
-0.97814,   0.620212
-0.650591,   2.17521
2.60434,   -3.70672
8.39057,   -3.68811
11.8762,   -14.2045
-28.4239,   7.76021
39.4387,   -1.2474

0.00470058,   0.806538
-0.369285,   0.902933
0.592118,   0.384736
0.510068,   1.67
-0.79154,   -0.486436
3.94573,   -2.58539
8.92085,   -2.49571
12.5822,   -13.6234
-28.5896,   7.03564
39.4665,   -0.616861

0.00371799,   0.806914
0.154548,   1.15034
0.672686,   0.531885
0.31933,   -0.142575
1.52808,   0.816625
4.843,   -1.0818
9.28483,   -1.24194
13.2595,   -13.0093
-28.737,   6.30709
39.4841,   0.0140441

0.00331189,   0.807065
0.301656,   0.580468
0.717719,   0.693732
-0.921328,   1.19212
-0.808913,   2.09004
5.1934,   0.635213
9.47536,   0.049957
13.9065,   -12.3635
-28.866,   5.57502
39.4914,   0.645154

0.00350721,   0.807199
-0.277496,   0.542668
0.724769,   0.861671
0.900144,   1.25033
-0.635786,   -0.570414
4.95677,   2.37163
9.48876,   1.35606
14.5219,   -11.6877
-28.9766,   4.83991
39.4884,   1.27631

0.00429616,   0.807503
-0.223368,   1.1151
0.69345,   1.02681
-0.253805,   -0.159655
1.51719,   0.994381
4.16035,   3.93119
9.3248,   2.6521
15.1041,   -10.9834
-29.0686,   4.10222
39.4751,   1.90734

0.00558146,   0.808144
0.343085,   0.965417
0.625452,   1.18044
-0.555899,   1.63726
-0.951362,   1.98679
2.89537,   5.13854
8.98671,   3.91386
15.652,   -10.2523
-29.1421,   3.36242
39.4515,   2.53808

0.00721862,   0.809273
0.0871466,   0.438582
0.524398,   1.31441
0.999642,   0.686015
-0.466646,   -0.63395
1.3058,   5.85958
8.48104,   5.11797
16.1642,   -9.49587
-29.1969,   2.62099
39.4177,   3.16838

0.00904957,   0.81096
-0.376742,   0.779798
0.39551,   1.42169
-0.738124,   0.144159
1.48986,   1.17275
-0.428995,   6.0161
7.81768,   6.24187
16.6397,   -8.71602
-29.2331,   1.87841
39.3736,   3.79806

0.0108704,   0.813221
0.0333346,   1.19036
0.245695,   1.49649
-0.00308792,   1.81405
-1.07753,   1.87108
-2.11516,   5.59369
7.00911,   7.26497
17.0774,   -7.91449
-29.2506,   1.13514
39.3193,   4.42697

0.0125032,   0.816031
0.369836,   0.709657
0.0829855,   1.53481
0.773513,   0.166993
-0.289376,   -0.673229
-3.56608,   4.64214
6.07071,   8.16859
17.4763,   -7.0931
-29.2493,   0.391677
39.2547,   5.05494

0.0137998,   0.819275
-0.163307,   0.478671
-0.0838385,   1.53462
-0.976938,   0.671831
1.44216,   1.35101
-4.62246,   3.26863
5.02022,   8.93651
17.8355,   -6.25374
-29.2294,   -0.351516
39.1799,   5.68181

0.0146285,   0.822816
-0.304193,   1.03877
-0.24579,   1.49598
0.552786,   1.66618
-1.1902,   1.74542
-5.16891,   1.62572
3.87741,   9.55462
18.1542,   -5.39829
-29.1908,   -1.09396
39.0949,   6.3074

0.0149388,   0.826501
0.275801,   1.09404
-0.394203,   1.42088
0.293685,   -0.134513
-0.110447,   -0.688408
-5.14588,   -0.105384
2.66366,   10.0123
18.4317,   -4.52872
-29.1335,   -1.83517
38.9997,   6.93158

0.0147252,   0.830119
0.215783,   0.512022
-0.520888,   1.3134
-0.894474,   1.25037
1.37128,   1.52429
-4.55554,   -1.73398
1.4014,   10.302
18.6675,   -3.64699
-29.0575,   -2.57469
38.8944,   7.55415

0.0140317,   0.833523
-0.340266,   0.678453
-0.618903,   1.1794
0.927058,   1.24171
-1.29076,   1.60795
-3.46179,   -3.08001
0.113851,   10.4191
18.8609,   -2.75511
-28.963,   -3.31203
38.7789,   8.17497

0.0129806,   0.836567
-0.0952004,   1.20167
-0.68284,   1.02627
-0.2823,   -0.119952
0.0658757,   -0.683002
-1.98388,   -3.99328
-1.17554,   10.3623
19.0117,   -1.85509
-28.85,   -4.04672
38.6533,   8.79388

0.0117099,   0.839138
0.382851,   0.866316
-0.709152,   0.862458
-0.517441,   1.68918
1.27819,   1.68634
-0.284373,   -4.37012
-2.44347,   10.1334
19.1193,   -0.948972
-28.7186,   -4.7783
38.5176,   9.41072

0.0103921,   0.841211
-0.0425371,   0.463706
-0.696301,   0.696797
0.997333,   0.679573
-1.37611,   1.45669
1.44801,   -4.16568
-3.66724,   9.73725
19.1837,   -0.0388056
-28.5688,   -5.50629
38.3718,   10.0253

0.00921894,   0.842793
-0.364167,   0.943082
-0.644863,   0.5385
-0.76309,   0.20521
0.239504,   -0.660621
3.01906,   -3.39989
-4.82513,   9.1818
19.2046,   0.873346
-28.4007,   -6.23023
38.2161,   10.6375

0.00833775,   0.843952
0.160518,   1.18772
-0.55757,   0.396341
0.0331107,   1.84451
1.16732,   1.8329
4.25112,   -2.15651
-5.89671,   8.47777
19.1821,   1.78542
-28.2146,   -6.94966
38.0503,   11.2472

0.00788623,   0.844838
0.3051,   0.617915
-0.439138,   0.278216
0.743182,   0.166739
-1.44102,   1.29319
5.00401,   -0.574349
-6.86333,   7.63791
19.1161,   2.69535
-28.0104,   -7.66412
37.8747,   11.8541

0.00794607,   0.845599
-0.275515,   0.584548
-0.296048,   0.190742
-0.987722,   0.736515
0.412663,   -0.621042
5.19178,   1.16831
-7.70822,   6.67755
19.0069,   3.60109
-27.7883,   -8.37315
37.6891,   12.4581

0.00851788,   0.846423
-0.216726,   1.15687
-0.135902,   0.138788
0.579062,   1.66825
1.04399,   1.96355
4.79323,   2.87451
-8.41692,   5.61415
18.8546,   4.50058
-27.5485,   -9.0763
37.4937,   13.0591

0.00957035,   0.847497
0.34769,   1.00419
0.0325785,   0.125402
0.250874,   -0.123613
-1.48194,   1.12261
3.85446,   4.35181
-8.97705,   4.46687
18.6596,   5.39181
-27.2912,   -9.77312
37.2885,   13.6569

0.0109928,   0.848955
0.088212,   0.478697
0.200159,   0.151471
-0.88119,   1.3042
0.584464,   -0.56063
2.48278,   5.43474
-9.37904,   3.25596
18.4224,   6.27276
-27.0165,   -10.4632
37.0735,   14.2514

0.0126255,   0.850918
-0.373562,   0.824664
0.357679,   0.215692
0.940881,   1.2232
0.910586,   2.08087
0.833845,   6.00362
-9.61622,   2.00286
18.1434,   7.14143
-26.7245,   -11.146
36.8489,   14.8424

0.0143084,   0.853442
0.0394885,   1.23139
0.496562,   0.314651
-0.318052,   -0.0908491
-1.49925,   0.951167
-0.906904,   5.99758
-9.6846,   0.729608
17.8234,   7.99587
-26.4155,   -11.8212
36.6145,   15.4297

