1111111111111111111111111
1111111111111111111111111
1111111100000000111111111
1111110000000000000111111
1111100000000000000011111
1111000000000000000001111
1110000000110000000000111
1110000000110000001100111
1100000000000000001111011
1100000000000000001111011
1100000000000000111111011
1100000000000001111111011
1100000000000011111111011
1100000000000011111111011
1100000011111111111111011
1100000111111111111111011
1110000111111001111110111
1110000111110001111100111
1110000111110001111000111
1111000011111111110011111
1111100000011111100111111
1111110000011111000111111
1111111100000000111111111
1111111111111111111111111
1111111111111111111111111