111111111111111111111111111111
111111111111111111111111111111
111111111100000000001111111111
111111111100000000001111111111
111111100000000000000001111111
111110000000000000000000111111
111110000000000000000000011111
111100000000111000000000001111
111100000000111000000011001111
111100000000111000000111101111
110000000000000000000111110011
110000000000000000000111110011
110000000000000000001111110011
110000000000000000111111110011
110000000000000000111111110011
110000000000000011111111110011
110000000011111111111111110011
110000000011111111111111110011
110000000111111111111111110011
110000001111111111111111110111
111100001111111000111111001111
111100000111111000111110001111
111100000111111000111110001111
111110000011111111111000011111
111111000000011111110001111111
111111100000011111110001111111
111111111100000000001111111111
111111111100000000011111111111
111111111111111111111111111111
111111111111111111111111111111